
Best cost: 1.577347835540952
Adjacency matrix:
0 1 1 1 1 1 1 1 1 1 0 0 1 1 1
1 0 0 0 0 1 1 1 1 1 1 0 1 0 1
1 0 0 1 1 0 1 0 1 0 0 1 0 1 1
1 0 1 0 1 1 0 0 1 1 0 1 1 1 0
1 0 1 1 0 1 1 1 1 1 1 1 0 1 1
1 1 0 1 1 0 1 1 1 1 0 1 1 1 1
1 1 1 0 1 1 0 1 1 1 1 0 1 1 1
1 1 0 0 1 1 1 0 1 1 1 1 1 1 1
1 1 1 1 1 1 1 1 0 1 1 1 1 1 1
1 1 0 1 1 1 1 1 1 0 0 1 1 1 1
0 1 0 0 1 0 1 1 1 0 0 1 1 1 1
0 0 1 1 1 1 0 1 1 1 1 0 1 1 0
1 1 0 1 0 1 1 1 1 1 1 1 0 0 1
1 0 1 1 1 1 1 1 1 1 1 1 0 0 1
1 1 1 0 1 1 1 1 1 1 1 0 1 1 0
Ntn^]^~vyVFnt~n~\~W

Best cost: 1.0594807468541954
Adjacency matrix:
0 1 0 1 1 1 0 1 1 1 1 1 0 1 1
1 0 1 1 0 1 1 0 0 0 1 1 0 1 1
0 1 0 1 1 1 1 1 1 1 0 1 1 1 1
1 1 1 0 0 0 0 0 0 1 0 1 0 1 1
1 0 1 0 0 1 1 1 1 1 1 1 1 1 1
1 1 1 0 1 0 1 1 1 1 1 1 1 0 1
0 1 1 0 1 1 0 1 1 1 0 1 0 1 1
1 0 1 0 1 1 1 0 1 1 1 1 1 1 1
1 0 1 0 1 1 1 1 0 1 1 1 1 1 1
1 0 1 1 1 1 1 1 1 0 1 1 1 1 1
1 1 0 0 1 1 0 1 1 1 0 1 1 1 1
1 1 1 1 1 1 1 1 1 1 1 0 1 0 1
0 0 1 0 1 1 0 1 1 1 1 1 0 1 0
1 1 1 1 1 0 1 1 1 1 1 0 1 0 0
1 1 1 1 1 1 1 1 1 1 1 1 0 0 0
Nnjj\]nn}Z~~J^}}~~_

Best cost: 0.980231704538373
Adjacency matrix:
0 1 0 1 1 1 1 1 1 1 1 1 1 1 1
1 0 1 1 1 1 0 1 1 0 0 1 1 1 1
0 1 0 1 1 1 1 1 1 0 0 1 1 1 1
1 1 1 0 1 1 1 1 0 1 1 0 1 1 1
1 1 1 1 0 1 1 1 0 0 1 1 1 1 0
1 1 1 1 1 0 1 1 0 1 0 1 0 0 1
1 0 1 1 1 1 0 1 1 1 1 1 1 1 1
1 1 1 1 1 1 1 0 1 1 0 1 0 0 1
1 1 1 0 0 0 1 1 0 0 0 0 1 0 1
1 0 0 1 0 1 1 1 0 0 1 1 1 1 1
1 0 0 1 1 0 1 0 0 1 0 1 1 1 1
1 1 1 0 1 1 1 1 0 1 1 0 1 1 1
1 1 1 1 1 0 1 0 1 1 1 1 0 1 1
1 1 1 1 1 0 1 0 0 1 1 1 1 0 1
1 1 1 1 0 1 1 1 1 1 1 1 1 1 0
Nn~|~~bdss|z}n}f}~w

Best cost: 1.1643696891236777
Adjacency matrix:
0 1 1 1 1 1 1 1 0 1 1 1 1 1 1
1 0 1 1 1 1 1 1 0 1 1 0 0 1 1
1 1 0 1 1 0 0 0 1 1 1 1 1 1 1
1 1 1 0 1 1 1 1 0 1 1 1 1 1 1
1 1 1 1 0 1 0 1 1 1 1 1 0 1 1
1 1 0 1 1 0 1 1 1 1 1 1 1 1 1
1 1 0 1 0 1 0 1 0 1 0 0 1 1 0
1 1 0 1 1 1 1 0 1 1 1 0 0 1 0
0 0 1 0 1 1 0 1 0 0 1 0 1 1 1
1 1 1 1 1 1 1 1 0 0 1 1 1 1 1
1 1 1 1 1 1 0 1 1 1 0 1 0 1 1
1 0 1 1 1 1 0 0 0 1 1 0 0 1 1
1 0 1 1 0 1 1 0 1 1 0 0 0 1 1
1 1 1 1 1 1 1 1 1 1 1 1 1 0 0
1 1 1 1 1 1 0 0 1 1 1 1 1 0 0
N~~]m{l~vzvblk~~~fo

Best cost: 1.6942655899111858
Adjacency matrix:
0 1 0 1 0 1 0 1 0 1 1 1 0 1 1
1 0 1 1 1 0 1 1 1 1 0 1 1 1 1
0 1 0 1 1 1 1 1 1 0 1 1 1 0 0
1 1 1 0 1 1 0 1 1 0 1 1 1 1 0
0 1 1 1 0 1 1 1 1 1 1 1 1 1 1
1 0 1 1 1 0 1 0 1 1 1 0 1 1 1
0 1 1 0 1 1 0 1 1 1 1 1 1 1 1
1 1 1 1 1 0 1 0 1 1 0 1 1 1 1
0 1 1 1 1 1 1 1 0 0 1 1 1 0 0
1 1 0 0 1 1 1 1 0 0 1 0 1 0 1
1 0 1 1 1 1 1 0 1 1 0 1 1 1 1
1 1 1 1 1 0 1 1 1 0 1 0 1 1 1
0 1 1 1 1 1 1 1 1 1 1 1 0 1 1
1 1 0 1 1 1 1 1 0 0 1 1 1 0 0
1 1 0 0 1 1 1 1 0 1 1 1 1 0 0
Nn]z^t~rt|~\^~vrxzo

Best cost: 1.3234950163477763
Adjacency matrix:
0 1 0 0 1 1 1 1 1 1 1 1 1 1 1
1 0 0 0 1 1 1 0 1 1 0 1 1 0 0
0 0 0 1 1 1 1 1 1 0 0 1 1 1 1
0 0 1 0 0 1 1 1 1 1 0 0 1 1 1
1 1 1 0 0 0 0 1 1 0 1 0 1 0 0
1 1 1 1 0 0 1 1 1 1 1 1 1 1 1
1 1 1 1 0 1 0 1 1 1 1 1 1 1 1
1 0 1 1 1 1 1 0 0 1 1 1 1 1 1
1 1 1 1 1 1 1 0 0 1 1 1 0 1 0
1 1 0 1 0 1 1 1 1 0 1 1 1 1 1
1 0 0 0 1 1 1 1 1 1 0 1 1 1 1
1 1 1 0 0 1 1 1 1 1 1 0 1 1 1
1 1 1 1 1 1 1 1 0 1 1 1 0 1 1
1 0 1 1 0 1 1 1 1 1 1 1 1 0 1
1 0 1 1 0 1 1 1 0 1 1 1 1 1 0
N`zvl~}t{^{~~vl~uzw

Best cost: 1.3259817590665277
Adjacency matrix:
0 1 1 1 1 1 1 1 1 1 1 1 1 0 0
1 0 1 1 1 1 1 1 0 1 1 0 1 1 1
1 1 0 1 1 0 1 1 1 1 1 1 1 1 1
1 1 1 0 1 0 1 1 0 1 1 1 1 1 1
1 1 1 1 0 1 1 1 0 1 1 0 1 1 1
1 1 0 0 1 0 1 1 1 0 0 1 1 1 1
1 1 1 1 1 1 0 1 0 1 1 0 0 1 0
1 1 1 1 1 1 1 0 1 1 1 0 1 1 1
1 0 1 0 0 1 0 1 0 0 0 1 0 0 1
1 1 1 1 1 0 1 1 0 0 1 1 0 1 0
1 1 1 1 1 0 1 1 0 1 0 1 1 1 1
1 0 1 1 0 1 0 0 1 1 1 0 1 1 1
1 1 1 1 1 1 0 1 0 0 1 1 0 1 1
0 1 1 1 1 1 1 1 0 1 1 1 1 0 1
0 1 1 1 1 1 0 1 1 0 1 1 1 1 0
N~~N~}d}vuuf~R^vnlw

Best cost: 1.236743951858416
Adjacency matrix:
0 1 1 1 1 1 1 1 1 1 1 1 1 1 1
1 0 1 1 1 1 1 1 1 1 1 1 1 1 1
1 1 0 1 1 1 0 1 1 1 1 0 1 0 0
1 1 1 0 1 1 1 1 1 1 1 1 1 1 1
1 1 1 1 0 1 1 1 1 1 1 1 1 0 1
1 1 1 1 1 0 0 1 0 1 1 1 0 1 1
1 1 0 1 1 0 0 0 0 0 1 1 0 1 1
1 1 1 1 1 1 0 0 0 1 1 1 0 1 1
1 1 1 1 1 0 0 0 0 1 0 1 1 0 1
1 1 1 1 1 1 0 1 1 0 0 1 1 0 1
1 1 1 1 1 1 1 1 0 0 0 1 1 1 0
1 1 0 1 1 1 1 1 1 1 1 0 0 1 0
1 1 1 1 1 0 0 0 1 1 1 0 0 1 0
1 1 0 1 0 1 1 1 0 0 1 1 1 0 1
1 1 0 1 1 1 1 1 1 1 0 0 0 1 0
N~~}vzw~^}Z~}Mtrz}G

Best cost: 1.3495399839635958
Adjacency matrix:
0 1 1 1 1 1 1 1 1 1 1 1 1 1 0
1 0 1 0 0 0 1 1 1 0 0 1 1 1 1
1 1 0 1 1 0 1 0 1 1 1 0 1 1 0
1 0 1 0 1 0 1 0 1 1 1 0 1 1 0
1 0 1 1 0 0 1 0 1 1 1 1 1 0 1
1 0 0 0 0 0 1 1 1 1 1 1 1 1 0
1 1 1 1 1 1 0 1 0 1 0 1 1 1 1
1 1 0 0 0 1 1 0 1 1 1 1 1 1 1
1 1 1 1 1 1 0 1 0 1 1 1 1 1 0
1 0 1 1 1 1 1 1 1 0 1 1 1 1 1
1 0 1 1 1 1 0 1 1 1 0 1 1 1 1
1 1 0 0 1 1 1 1 1 1 1 0 1 1 1
1 1 1 1 1 1 1 1 1 1 1 1 0 1 0
1 1 1 1 0 1 1 1 1 1 1 1 1 0 1
0 1 0 0 1 0 1 1 0 1 1 1 0 1 0
N|mF}N|n|zx~~~|~hZg

Best cost: 1.3990190975651948
Adjacency matrix:
0 1 1 0 1 1 1 0 0 1 1 1 1 1 1
1 0 1 1 1 1 1 1 1 0 1 1 0 1 0
1 1 0 1 1 1 1 0 0 0 0 0 1 0 1
0 1 1 0 0 0 1 1 1 1 1 1 0 1 1
1 1 1 0 0 1 1 1 1 1 1 1 1 0 0
1 1 1 0 1 0 1 1 0 1 0 1 1 1 1
1 1 1 1 1 1 0 0 1 1 0 1 1 1 1
0 1 0 1 1 1 0 0 1 1 1 1 1 1 1
0 1 0 1 1 0 1 1 0 1 1 1 0 1 1
1 0 0 1 1 1 1 1 1 0 1 1 1 1 1
1 1 0 1 1 0 0 1 1 1 0 1 1 1 1
1 1 0 1 1 1 1 1 1 1 1 0 1 1 1
1 0 1 0 1 1 1 1 0 1 1 1 0 1 1
1 1 0 1 0 1 1 1 1 1 1 1 1 0 1
1 0 1 1 0 1 1 1 1 1 1 1 1 1 0
NzznyxZf}rz~jvt~u~w

Best cost: 1.2832013266065023
Adjacency matrix:
0 1 1 0 1 1 1 1 0 1 1 1 1 1 1
1 0 1 1 1 1 1 1 1 1 1 0 1 1 1
1 1 0 1 0 1 1 1 0 1 1 1 0 1 1
0 1 1 0 1 1 0 1 1 0 1 1 0 1 1
1 1 0 1 0 1 1 1 1 1 1 1 0 0 1
1 1 1 1 1 0 1 0 1 1 1 1 1 1 1
1 1 1 0 1 1 0 1 0 1 1 1 1 0 0
1 1 1 1 1 0 1 0 0 1 1 1 1 0 1
0 1 0 1 1 1 0 0 0 0 1 0 1 1 0
1 1 1 0 1 1 1 1 0 0 1 1 1 1 1
1 1 1 1 1 1 1 1 1 1 0 1 1 0 1
1 0 1 1 1 1 1 1 0 1 1 0 1 0 1
1 1 0 0 0 1 1 1 1 1 1 1 0 1 1
1 1 1 1 0 1 0 0 1 1 0 0 1 0 1
1 1 1 1 1 1 0 1 0 1 1 1 1 1 0
Nzv~^t[zv~vzp~|K~jw

Best cost: 1.3724185420665227
Adjacency matrix:
0 1 1 1 1 1 1 1 1 0 1 1 1 1 1
1 0 0 1 0 0 1 1 1 1 1 0 1 1 1
1 0 0 0 1 1 1 0 1 1 0 1 1 0 1
1 1 0 0 1 1 1 1 0 1 0 1 1 1 1
1 0 1 1 0 1 1 0 1 1 1 0 1 1 1
1 0 1 1 1 0 1 0 1 1 1 1 1 1 1
1 1 1 1 1 1 0 1 1 1 1 1 1 1 0
1 1 0 1 0 0 1 0 1 1 0 0 1 0 1
1 1 1 0 1 1 1 1 0 1 1 0 1 1 1
0 1 1 1 1 1 1 1 1 0 1 1 1 1 1
1 1 0 0 1 1 1 0 1 1 0 1 0 1 1
1 0 1 1 0 1 1 0 0 1 1 0 0 1 1
1 1 1 1 1 1 1 1 1 1 0 0 0 0 1
1 1 0 1 1 1 1 0 1 1 1 1 0 0 1
1 1 1 1 1 1 0 1 1 1 1 1 1 1 0
Num~}fn^}\ur~{vn^nw

Best cost: 1.0145667193616041
Adjacency matrix:
0 1 1 0 0 1 1 1 1 1 1 0 1 1 1
1 0 1 1 1 1 1 1 1 0 0 1 1 1 1
1 1 0 1 1 1 1 1 1 1 1 1 1 1 1
0 1 1 0 1 1 1 1 1 0 0 0 0 0 1
0 1 1 1 0 1 1 1 1 1 1 0 0 0 1
1 1 1 1 1 0 1 1 1 0 0 0 1 1 1
1 1 1 1 1 1 0 1 1 1 1 1 0 1 1
1 1 1 1 1 1 1 0 1 1 1 0 1 1 1
1 1 1 1 1 1 1 1 0 1 1 0 1 1 1
1 0 1 0 1 0 1 1 1 0 1 1 1 1 1
1 0 1 0 1 0 1 1 1 1 0 0 1 1 1
0 1 1 0 0 0 1 0 0 1 0 0 1 0 1
1 1 1 0 0 1 0 1 1 1 1 1 0 1 0
1 1 1 0 0 1 1 1 1 1 1 0 1 0 1
1 1 1 1 1 1 1 1 1 1 1 1 0 1 0
Nz^~~~~i|VkQx^x}~~g

Best cost: 1.4112523359483367
Adjacency matrix:
0 1 1 0 1 1 1 0 1 1 1 1 1 1 1
1 0 1 1 1 1 1 1 1 1 1 0 1 1 1
1 1 0 1 1 1 1 1 1 1 1 0 1 1 1
0 1 1 0 0 1 1 1 1 0 1 0 1 1 1
1 1 1 0 0 0 1 0 0 0 1 0 1 1 1
1 1 1 1 0 0 0 1 1 1 1 1 0 0 1
1 1 1 1 1 0 0 1 0 1 1 1 1 1 1
0 1 1 1 0 1 1 0 0 1 1 1 1 1 1
1 1 1 1 0 1 0 0 0 1 0 1 1 0 1
1 1 1 0 0 1 1 1 1 0 0 1 1 1 1
1 1 1 1 1 1 1 1 0 0 0 1 1 1 1
1 0 0 0 0 1 1 1 1 1 1 0 1 0 0
1 1 1 1 1 0 1 1 1 1 1 1 0 1 1
1 1 1 1 1 0 1 1 0 1 1 0 1 0 1
1 1 1 1 1 1 1 1 1 1 1 0 1 1 0
Nzzvrnsx~}O~}~}u~~W

Best cost: 1.0089199623412863
Adjacency matrix:
0 1 0 1 0 1 1 1 1 1 0 1 1 1 1
1 0 1 0 1 1 1 1 1 0 1 1 1 1 0
0 1 0 0 1 0 1 1 1 1 1 1 0 1 1
1 0 0 0 1 1 1 0 1 1 1 1 1 1 1
0 1 1 1 0 0 1 1 0 1 1 0 1 1 1
1 1 0 1 0 0 1 0 1 1 1 1 1 1 1
1 1 1 1 1 1 0 1 1 1 1 1 1 1 1
1 1 1 0 1 0 1 0 0 1 0 1 0 1 1
1 1 1 1 0 1 1 0 0 1 1 0 1 0 0
1 0 1 1 1 1 1 1 1 0 1 1 0 0 1
0 1 1 1 1 1 1 0 1 1 0 1 1 1 1
1 1 1 1 0 1 1 1 0 1 1 0 1 1 1
1 1 0 1 1 1 1 0 1 0 1 1 0 1 1
1 1 1 1 1 1 1 1 0 0 1 1 1 0 1
1 0 1 1 1 1 1 1 0 1 1 1 1 1 0
Nk^V~Vunz|}zvj~rvzw

Best cost: 1.2838110915271121
Adjacency matrix:
0 1 1 1 0 1 1 1 1 1 1 1 1 1 1
1 0 1 1 1 1 1 1 0 1 0 1 1 0 1
1 1 0 1 1 1 1 0 1 1 0 1 1 0 1
1 1 1 0 0 1 1 1 1 1 1 1 1 1 1
0 1 1 0 0 1 1 1 1 1 1 0 1 0 0
1 1 1 1 1 0 1 1 1 1 0 1 1 0 1
1 1 1 1 1 1 0 1 1 1 0 1 1 1 1
1 1 0 1 1 1 1 0 0 0 1 0 1 1 1
1 0 1 1 1 1 1 0 0 0 1 1 0 1 0
1 1 1 1 1 1 1 0 0 0 1 1 1 1 1
1 0 0 1 1 0 0 1 1 1 0 1 0 1 1
1 1 1 1 0 1 1 0 1 1 1 0 1 1 1
1 1 1 1 1 1 1 1 0 1 0 1 0 1 1
1 0 0 1 0 0 1 1 1 1 1 1 1 0 0
1 1 1 1 0 1 1 1 0 1 1 1 1 0 0
N~Z~}}}~cr}v~tc~}zo

Best cost: 1.3553120336238855
Adjacency matrix:
0 1 1 1 1 1 1 1 1 1 1 1 1 1 0
1 0 1 1 1 1 0 1 1 1 0 1 1 1 1
1 1 0 0 1 1 1 1 0 1 0 1 1 1 0
1 1 0 0 1 1 1 1 1 0 1 0 1 1 1
1 1 1 1 0 1 1 1 1 1 0 1 1 1 1
1 1 1 1 1 0 0 1 1 1 0 1 1 1 1
1 0 1 1 1 0 0 1 0 0 1 1 1 0 1
1 1 1 1 1 1 1 0 0 1 1 0 1 1 1
1 1 0 1 1 1 0 0 0 1 0 1 1 0 1
1 1 1 0 1 1 0 1 1 0 0 1 1 1 1
1 0 0 1 0 0 1 1 0 0 0 1 0 1 1
1 1 1 0 1 1 1 0 1 1 1 0 1 0 1
1 1 1 1 1 1 1 1 1 1 0 1 0 1 1
1 1 1 1 1 1 0 1 0 1 1 0 1 0 1
0 1 0 1 1 1 1 1 1 1 1 1 1 1 0
N}~|v~[z[e\v~|~Uj~w

Best cost: 1.5183405034625563
Adjacency matrix:
0 1 1 1 1 0 1 1 1 0 1 0 1 0 1
1 0 1 1 1 1 1 1 1 1 1 0 1 0 1
1 1 0 0 0 1 1 1 1 1 1 1 1 0 1
1 1 0 0 1 1 0 1 1 1 1 1 0 1 0
1 1 0 1 0 1 0 1 1 1 1 1 1 1 1
0 1 1 1 1 0 0 0 1 0 1 1 0 1 0
1 1 1 0 0 0 0 1 1 1 1 1 0 0 0
1 1 1 1 1 0 1 0 1 0 1 1 1 1 1
1 1 1 1 1 1 1 1 0 1 1 1 1 1 1
0 1 1 1 1 0 1 0 1 0 1 1 1 1 1
1 1 1 1 1 1 1 1 1 1 0 1 1 1 1
0 0 1 1 1 1 1 1 1 1 1 0 1 1 1
1 1 1 0 1 0 0 1 1 1 1 1 0 1 1
0 0 0 1 1 1 0 1 1 1 1 1 1 0 1
1 1 1 0 1 0 0 1 1 1 1 1 1 1 0
N}t~Fv~]n~f~y^F^|Nw

Best cost: 1.6384662058706048
Adjacency matrix:
0 1 1 1 1 1 1 0 1 0 1 1 1 1 1
1 0 1 1 1 0 1 0 1 0 1 1 1 1 1
1 1 0 1 1 1 1 1 1 1 1 1 1 1 1
1 1 1 0 1 0 0 1 1 1 1 1 1 0 0
1 1 1 1 0 1 1 0 1 0 1 1 1 1 1
1 0 1 0 1 0 0 1 1 1 1 1 1 1 1
1 1 1 0 1 0 0 1 1 1 1 1 1 0 0
0 0 1 1 0 1 1 0 0 1 0 1 1 1 0
1 1 1 1 1 1 1 0 0 0 1 1 1 1 1
0 0 1 1 0 1 1 1 0 0 1 1 0 0 1
1 1 1 1 1 1 1 0 1 1 0 1 0 1 1
1 1 1 1 1 1 1 1 1 1 1 0 1 1 1
1 1 1 1 1 1 1 1 1 0 0 1 0 1 1
1 1 1 0 1 1 0 1 1 0 1 1 1 0 0
1 1 1 0 1 1 0 0 1 1 1 1 1 0 0
N~}nPn}Lv|~~~xzZ|fo

Best cost: 1.3936223938151358
Adjacency matrix:
0 1 1 1 1 1 0 1 1 1 1 1 1 1 1
1 0 1 1 1 0 0 1 1 1 1 1 1 0 1
1 1 0 0 1 1 1 0 0 1 1 0 1 1 1
1 1 0 0 1 1 1 1 1 1 1 1 1 0 1
1 1 1 1 0 0 1 0 0 0 0 1 0 1 1
1 0 1 1 0 0 1 1 1 1 0 1 1 1 1
0 0 1 1 1 1 0 1 1 0 1 1 1 0 0
1 1 0 1 0 1 1 0 1 1 1 1 1 1 1
1 1 0 1 0 1 1 1 0 1 1 1 1 0 1
1 1 1 1 0 1 0 1 1 0 1 1 1 0 1
1 1 1 1 0 0 1 1 1 1 0 1 1 1 1
1 1 0 1 1 1 1 1 1 1 1 0 1 0 1
1 1 1 1 0 1 1 1 1 1 1 1 0 1 1
1 0 1 0 1 1 0 1 0 0 1 0 1 0 1
1 1 1 1 1 1 0 1 1 1 1 1 1 1 0
N}}p}nV|^fz~|~jQ~nw

Best cost: 1.3446676715618335
Adjacency matrix:
0 1 1 1 0 1 0 1 0 1 0 1 0 1 1
1 0 1 0 1 1 1 1 1 1 1 1 1 1 0
1 1 0 1 1 1 1 1 0 1 1 1 1 1 0
1 0 1 0 0 1 1 1 1 1 1 1 1 1 1
0 1 1 0 0 1 1 1 1 1 1 0 1 1 1
1 1 1 1 1 0 1 1 1 1 1 0 1 1 0
0 1 1 1 1 1 0 1 1 1 1 1 1 0 1
1 1 1 1 1 1 1 0 0 0 1 1 0 1 1
0 1 0 1 1 1 1 0 0 1 0 1 1 0 0
1 1 1 1 1 1 1 0 1 0 1 1 1 0 0
0 1 1 1 1 1 1 1 0 1 0 1 1 1 1
1 1 1 1 0 0 1 1 1 1 1 0 1 1 1
0 1 1 1 1 1 1 0 1 1 1 1 0 1 1
1 1 1 1 1 1 0 1 0 0 1 1 1 0 1
1 0 0 1 1 0 1 1 0 0 1 1 1 1 0
N|Zz~|]~j}}^^n~RrXw

Best cost: 1.3420835674933291
Adjacency matrix:
0 1 1 1 1 0 1 1 1 1 1 0 1 1 1
1 0 1 1 1 0 1 1 1 1 1 1 1 1 1
1 1 0 1 0 1 1 1 1 1 1 0 1 0 0
1 1 1 0 1 0 1 1 1 1 1 1 1 1 1
1 1 0 1 0 1 0 1 1 0 1 1 1 1 0
0 0 1 0 1 0 1 1 1 1 0 1 1 0 1
1 1 1 1 0 1 0 1 1 1 0 1 0 1 1
1 1 1 1 1 1 1 0 1 0 1 0 1 1 0
1 1 1 1 1 1 1 1 0 1 1 0 1 1 1
1 1 1 1 0 1 1 0 1 0 0 1 1 1 1
1 1 1 1 1 0 0 1 1 0 0 1 1 1 0
0 1 0 1 1 1 1 0 0 1 1 0 1 0 1
1 1 1 1 1 1 0 1 1 1 1 1 0 1 1
1 1 0 1 1 0 1 1 1 1 1 0 1 0 1
1 1 0 1 0 1 1 0 1 1 0 1 1 1 0
N~snn~~|nrJr~^u}yuw

Best cost: 1.1954614417698148
Adjacency matrix:
0 1 1 1 1 1 1 1 0 1 1 0 1 1 1
1 0 1 1 0 1 1 1 1 1 1 0 1 1 1
1 1 0 1 1 1 1 1 0 1 0 1 0 1 0
1 1 1 0 1 1 1 1 0 1 1 1 0 1 0
1 0 1 1 0 0 1 1 1 0 1 1 1 1 1
1 1 1 1 0 0 1 1 0 1 1 1 1 1 1
1 1 1 1 1 1 0 1 0 1 1 1 1 1 1
1 1 1 1 1 1 1 0 0 1 1 1 1 1 1
0 1 0 0 1 0 0 0 0 1 1 1 1 0 1
1 1 1 1 0 1 1 1 1 0 1 0 0 1 0
1 1 0 1 1 1 1 1 1 1 0 1 1 0 0
0 0 1 1 1 1 1 1 1 0 1 0 1 1 1
1 1 0 0 1 1 1 1 1 0 1 1 0 1 1
1 1 1 1 1 1 1 1 0 1 0 1 1 0 1
1 1 0 0 1 1 1 1 1 0 0 1 1 1 0
N~nv~|G|}~f|rz~tx{w

Best cost: 1.6382144690017357
Adjacency matrix:
0 0 0 1 1 1 1 1 1 1 1 1 0 0 1
0 0 1 1 1 1 1 1 1 1 1 1 1 1 0
0 1 0 1 1 0 1 1 1 1 0 1 1 0 1
1 1 1 0 1 0 1 1 1 1 1 1 1 1 1
1 1 1 1 0 1 1 1 1 1 1 1 1 1 1
1 1 0 0 1 0 0 1 0 1 1 1 0 1 1
1 1 1 1 1 0 0 1 1 1 0 1 1 0 0
1 1 1 1 1 1 1 0 1 1 0 1 1 0 1
1 1 1 1 1 0 1 1 0 1 0 1 1 1 0
1 1 1 1 1 1 1 1 1 0 0 1 1 1 1
1 1 0 1 1 1 0 0 0 0 0 1 1 0 0
1 1 1 1 1 1 1 1 1 1 1 0 1 1 1
0 1 1 1 1 0 1 1 1 1 1 1 0 1 1
0 1 0 1 1 1 0 0 1 1 0 1 1 0 1
1 0 1 1 1 1 0 1 0 1 0 1 1 1 0
NN~Nv~z~}w^~]~VLviw

Best cost: 1.1753184253345537
Adjacency matrix:
0 1 0 0 1 1 1 0 1 1 0 1 1 0 0
1 0 1 1 1 1 1 1 0 1 0 1 1 0 1
0 1 0 1 1 1 1 1 1 0 1 1 1 1 1
0 1 1 0 1 1 1 1 0 1 1 1 1 1 1
1 1 1 1 0 1 1 1 1 1 1 1 1 1 1
1 1 1 1 1 0 1 1 0 1 1 1 1 0 1
1 1 1 1 1 1 0 1 1 0 0 1 1 0 1
0 1 1 1 1 1 1 0 1 1 1 0 1 1 1
1 0 1 0 1 0 1 1 0 1 1 1 0 1 1
1 1 0 1 1 1 0 1 1 0 1 1 1 0 0
0 0 1 1 1 1 0 1 1 1 0 1 1 0 1
1 1 1 1 1 1 1 0 1 1 1 0 1 1 1
1 1 1 1 1 1 1 1 0 1 1 1 0 0 1
0 0 1 1 1 0 0 1 1 0 0 1 0 0 1
0 1 1 1 1 1 1 1 1 0 1 1 1 1 0
Nj~~z}jvXz~v~vMXN|w

Best cost: 1.4934626170892964
Adjacency matrix:
0 1 0 0 0 0 1 1 1 1 0 1 1 1 1
1 0 1 1 0 1 1 1 1 0 1 0 1 1 0
0 1 0 1 1 1 1 0 1 0 1 1 1 1 1
0 1 1 0 1 1 1 0 1 1 1 1 1 1 0
0 0 1 1 0 1 1 1 0 1 1 1 1 1 1
0 1 1 1 1 0 1 0 1 1 1 0 1 1 0
1 1 1 1 1 1 0 1 1 1 1 0 1 1 1
1 1 0 0 1 0 1 0 1 1 0 1 1 1 1
1 1 1 1 0 1 1 1 0 1 1 1 1 1 1
1 0 0 1 1 1 1 1 1 0 1 1 1 1 1
0 1 1 1 1 1 1 0 1 1 0 0 1 1 1
1 0 1 1 1 0 0 1 1 1 0 0 1 1 0
1 1 1 1 1 1 1 1 1 1 1 1 0 1 0
1 1 1 1 1 1 1 1 1 1 1 1 1 0 1
1 0 1 0 1 0 1 1 1 1 1 0 0 1 0
NjL~}Vvfz|vM~~~~t^G

Best cost: 1.6452184483801655
Adjacency matrix:
0 1 1 1 0 1 1 1 1 0 1 1 1 1 1
1 0 1 1 0 1 1 1 1 1 0 1 0 1 0
1 1 0 1 0 1 1 1 1 1 0 1 0 1 0
1 1 1 0 1 1 1 1 1 1 0 1 1 0 0
0 0 0 1 0 1 1 1 0 1 1 0 1 1 1
1 1 1 1 1 0 1 1 1 1 1 1 1 1 1
1 1 1 1 1 1 0 1 1 1 1 1 1 1 1
1 1 1 1 1 1 1 0 1 1 1 0 1 0 1
1 1 1 1 0 1 1 1 0 0 1 1 1 1 1
0 1 1 1 1 1 1 1 0 0 1 1 1 0 1
1 0 0 0 1 1 1 1 1 1 0 1 1 0 1
1 1 1 1 0 1 1 0 1 1 1 0 1 0 1
1 0 0 1 1 1 1 1 1 1 1 1 0 1 1
1 1 1 0 1 1 1 0 1 0 0 0 1 0 0
1 0 0 0 1 1 1 1 1 1 1 1 1 0 0
N~F~~~v^s^}vf~zgp~o

Best cost: 1.4653046644998642
Adjacency matrix:
0 1 1 0 0 1 1 1 0 1 1 1 1 1 1
1 0 1 1 1 1 1 1 1 0 1 1 1 1 1
1 1 0 1 1 0 1 0 0 1 0 1 1 0 1
0 1 1 0 1 0 1 1 1 1 1 1 1 1 1
0 1 1 1 0 0 1 1 1 1 0 1 1 1 0
1 1 0 0 0 0 1 1 1 1 1 1 1 1 0
1 1 1 1 1 1 0 1 1 0 1 0 1 1 1
1 1 0 1 1 1 1 0 1 1 1 1 1 0 1
0 1 0 1 1 1 1 1 0 1 0 1 1 1 1
1 0 1 1 1 1 0 1 1 0 0 1 1 1 1
1 1 0 1 0 1 1 1 0 0 0 0 1 1 0
1 1 1 1 1 1 0 1 1 1 0 0 0 1 1
1 1 1 1 1 1 1 1 1 1 1 0 0 1 1
1 1 0 1 1 1 1 0 1 1 1 1 1 0 1
1 1 1 1 0 0 1 1 1 1 0 1 1 1 0
Nz^F}|^n]m^m~}vn}]w

Best cost: 1.284709980024863
Adjacency matrix:
0 1 1 1 1 1 1 1 1 1 1 1 1 1 1
1 0 1 1 1 0 0 1 1 1 1 0 0 1 0
1 1 0 1 1 1 1 1 1 1 1 1 1 1 1
1 1 1 0 1 1 1 0 1 0 1 1 1 0 0
1 1 1 1 0 1 1 1 0 1 1 0 1 0 1
1 0 1 1 1 0 1 1 1 1 1 1 1 1 0
1 0 1 1 1 1 0 1 1 1 1 1 1 1 0
1 1 1 0 1 1 1 0 1 1 1 0 0 1 1
1 1 1 1 0 1 1 1 0 0 1 1 0 1 0
1 1 1 0 1 1 1 1 0 0 1 1 1 1 1
1 1 1 1 1 1 1 1 1 1 0 1 1 1 1
1 0 1 1 0 1 1 0 1 1 1 0 1 1 0
1 0 1 1 1 1 1 0 0 1 1 1 0 1 0
1 1 1 0 0 1 1 1 1 1 1 1 1 0 0
1 0 1 0 1 0 0 1 0 1 1 0 0 0 0
N~}|~^vzv~uvnfx~tJ?

Best cost: 1.3557712938415731
Adjacency matrix:
0 0 0 1 0 1 1 1 1 0 0 1 0 1 0
0 0 0 1 1 1 1 1 0 1 1 1 0 0 1
0 0 0 1 1 0 1 0 1 1 1 1 0 1 1
1 1 1 0 1 1 1 1 1 1 1 1 1 1 1
0 1 1 1 0 1 1 0 1 1 1 1 1 1 1
1 1 0 1 1 0 0 1 1 0 1 1 1 0 1
1 1 1 1 1 0 0 0 1 1 1 1 1 1 1
1 1 0 1 0 1 0 0 1 1 1 1 1 0 1
1 0 1 1 1 1 1 1 0 1 1 1 0 1 1
0 1 1 1 1 0 1 1 1 0 1 1 1 1 1
0 1 1 1 1 1 1 1 1 1 0 1 1 1 1
1 1 1 1 1 1 1 1 1 1 1 0 1 1 1
0 0 0 1 1 1 1 1 0 1 1 1 0 0 1
1 0 1 1 1 0 1 0 1 1 1 1 0 0 1
0 1 1 1 1 1 1 1 1 1 1 1 1 1 0
NF^^ui~]z~~~FvmnN~w

Best cost: 1.4843295938496497
Adjacency matrix:
0 0 1 1 0 1 0 1 0 1 1 1 0 1 1
0 0 0 1 1 0 1 0 1 1 1 1 1 1 1
1 0 0 1 1 1 0 1 1 1 1 1 0 1 1
1 1 1 0 1 1 0 0 1 1 1 1 1 1 1
0 1 1 1 0 1 1 0 1 0 1 1 1 1 1
1 0 1 1 1 0 1 1 1 0 0 1 1 1 1
0 1 0 0 1 1 0 0 1 1 1 1 1 1 1
1 0 1 0 0 1 0 0 1 1 1 1 1 1 0
0 1 1 1 1 1 1 1 0 1 0 1 1 1 1
1 1 1 1 0 0 1 1 1 0 1 1 1 1 0
1 1 1 1 1 0 1 1 0 1 0 1 1 0 1
1 1 1 1 1 1 1 1 1 1 1 0 0 1 1
0 1 0 1 1 1 1 1 1 1 1 0 0 1 1
1 1 1 1 1 1 1 1 1 1 0 1 1 0 1
1 1 1 1 1 1 1 0 1 0 1 1 1 1 0
NV]y\H~{~u~~V}~|~tw

Best cost: 1.5343152954710544
Adjacency matrix:
0 0 0 1 0 1 0 1 1 1 0 1 0 1 1
0 0 1 1 1 1 1 1 0 1 1 1 1 1 1
0 1 0 1 1 1 1 1 1 1 1 0 1 0 1
1 1 1 0 1 1 1 1 1 1 1 0 1 1 1
0 1 1 1 0 1 1 0 1 1 1 0 1 0 1
1 1 1 1 1 0 0 1 1 1 1 1 1 0 1
0 1 1 1 1 0 0 1 1 1 1 1 1 1 1
1 1 1 1 0 1 1 0 1 0 0 1 1 1 1
1 0 1 1 1 1 1 1 0 1 1 1 1 0 1
1 1 1 1 1 1 1 0 1 0 1 0 1 1 1
0 1 1 1 1 1 1 0 1 1 0 0 1 1 1
1 1 0 0 0 1 1 1 1 0 0 0 1 1 0
0 1 1 1 1 1 1 1 1 1 1 1 0 0 1
1 1 0 1 0 0 1 1 0 1 1 1 0 0 1
1 1 1 1 1 1 1 1 1 1 1 0 1 1 0
NN^zvm~~j|w{^~sv^~W

Best cost: 1.2390865190265532
Adjacency matrix:
0 1 1 1 1 0 0 1 1 1 0 1 1 1 1
1 0 1 1 1 1 1 1 1 0 1 1 0 1 1
1 1 0 1 1 1 0 1 1 1 1 1 0 1 1
1 1 1 0 1 0 0 1 1 0 0 0 1 1 0
1 1 1 1 0 1 1 1 1 1 1 1 1 1 1
0 1 1 0 1 0 1 1 1 1 1 1 1 0 1
0 1 0 0 1 1 0 1 1 1 1 0 1 1 1
1 1 1 1 1 1 1 0 1 1 1 1 1 1 1
1 1 1 1 1 1 1 1 0 0 1 1 0 1 1
1 0 1 0 1 1 1 1 0 0 0 1 1 0 1
0 1 1 0 1 1 1 1 1 0 0 1 0 0 1
1 1 1 0 1 1 0 1 1 1 1 0 0 1 1
1 0 0 1 1 1 1 1 0 1 0 0 0 1 1
1 1 1 1 1 0 1 1 1 0 0 1 1 0 1
1 1 1 0 1 1 1 1 1 1 1 1 1 1 0
N~|i^~~jr^\nfs}x|~w

Best cost: 1.4244218255964278
Adjacency matrix:
0 1 0 1 1 1 1 1 1 1 1 1 1 1 1
1 0 1 1 1 0 0 1 1 1 0 1 1 1 1
0 1 0 1 1 1 1 0 1 1 1 0 1 1 1
1 1 1 0 1 1 1 1 1 0 1 0 1 1 1
1 1 1 1 0 1 1 1 0 1 1 0 0 1 0
1 0 1 1 1 0 1 0 0 1 1 0 1 0 0
1 0 1 1 1 1 0 1 1 1 1 1 0 1 1
1 1 0 1 1 0 1 0 1 1 1 1 1 1 1
1 1 1 1 0 0 1 1 0 1 1 1 1 1 0
1 1 1 0 1 1 1 1 1 0 1 1 1 1 1
1 0 1 1 1 1 1 1 1 1 0 1 0 1 1
1 1 0 0 0 0 1 1 1 1 1 0 1 0 1
1 1 1 1 0 1 0 1 1 1 0 1 0 0 1
1 1 1 1 1 0 1 1 1 1 1 0 0 0 1
1 1 1 1 0 0 1 1 0 1 1 1 1 1 0
Nn}|}vrz|~w^|\}}]Zw

Best cost: 1.1911586040613917
Adjacency matrix:
0 1 1 0 1 0 1 1 1 0 1 1 1 0 1
1 0 1 1 1 1 1 1 1 1 1 1 1 1 1
1 1 0 1 0 1 1 1 1 1 1 1 1 0 1
0 1 1 0 1 1 1 1 0 1 0 0 1 1 1
1 1 0 1 0 1 1 1 1 1 0 0 1 1 1
0 1 1 1 1 0 1 1 0 1 1 0 1 1 1
1 1 1 1 1 1 0 1 1 1 0 1 1 0 1
1 1 1 1 1 1 1 0 1 1 1 1 1 1 1
1 1 1 0 1 0 1 1 0 0 0 1 1 1 1
0 1 1 1 1 1 1 1 0 0 1 0 1 0 1
1 1 1 0 0 1 0 1 0 1 0 0 1 1 0
1 1 1 0 0 0 1 1 1 0 0 0 1 1 1
1 1 1 1 1 1 1 1 1 1 1 1 0 1 1
0 1 0 1 1 1 0 1 1 0 1 1 1 0 0
1 1 1 1 1 1 1 1 1 1 0 1 1 0 0
Nzt~~~j^vI{[~~VZ~}o

Best cost: 1.3914162547562043
Adjacency matrix:
0 1 1 1 1 1 1 1 1 1 0 1 1 1 1
1 0 1 1 1 0 1 1 1 1 0 1 1 1 1
1 1 0 1 1 1 1 0 1 1 0 1 0 1 1
1 1 1 0 1 1 0 1 0 0 1 0 1 1 1
1 1 1 1 0 0 1 1 1 1 1 1 1 1 1
1 0 1 1 0 0 0 1 1 0 1 1 1 0 1
1 1 1 0 1 0 0 0 1 1 1 1 0 1 1
1 1 0 1 1 1 0 0 1 0 0 0 1 1 1
1 1 1 0 1 1 1 1 0 1 1 1 1 1 1
1 1 1 0 1 0 1 0 1 0 1 0 1 1 1
0 0 0 1 1 1 1 0 1 1 0 1 1 1 0
1 1 1 0 1 1 1 0 1 0 1 0 0 1 1
1 1 0 1 1 1 0 1 1 1 1 0 0 1 1
1 1 1 1 1 0 1 1 1 1 1 1 1 0 1
1 1 1 1 1 1 1 1 1 1 0 1 1 1 0
N~}vUznyg||tv]}~~}w

Best cost: 1.6010118612495665
Adjacency matrix:
0 1 0 1 1 1 1 1 1 1 1 1 0 1 1
1 0 1 1 1 0 1 1 1 1 1 1 0 1 1
0 1 0 0 1 0 1 0 1 1 1 1 1 1 1
1 1 0 0 1 1 1 1 1 1 0 1 1 1 0
1 1 1 1 0 0 1 1 1 1 0 1 0 1 0
1 0 0 1 0 0 0 1 1 1 1 0 1 1 1
1 1 1 1 1 0 0 1 0 1 1 1 1 1 1
1 1 0 1 1 1 1 0 1 1 0 0 1 0 0
1 1 1 1 1 1 0 1 0 1 1 1 0 1 1
1 1 1 1 1 1 1 1 1 0 1 1 1 1 1
1 1 1 0 0 1 1 0 1 1 0 1 1 1 1
1 1 1 1 1 0 1 0 1 1 1 0 0 1 1
0 0 1 1 0 1 1 1 0 1 1 0 0 1 1
1 1 1 1 1 1 1 0 1 1 1 1 1 0 1
1 1 1 0 0 1 1 0 1 1 1 1 1 1 0
Nm}Vu~|~~L~VLu~n{vw

Best cost: 1.1053259483915312
Adjacency matrix:
0 1 1 1 1 1 1 0 1 1 1 1 1 1 0
1 0 1 1 1 0 1 0 1 0 1 1 1 1 0
1 1 0 1 0 1 1 1 0 1 1 1 0 1 1
1 1 1 0 0 1 1 1 1 1 0 0 1 0 1
1 1 0 0 0 1 1 1 1 1 1 0 1 1 1
1 0 1 1 1 0 1 1 0 1 1 1 1 1 1
1 1 1 1 1 1 0 0 1 1 1 1 1 1 0
0 0 1 1 1 1 0 0 1 1 1 1 1 0 1
1 1 0 1 1 0 1 1 0 0 1 1 1 1 1
1 0 1 1 1 1 1 1 0 0 1 1 1 1 1
1 1 1 0 1 1 1 1 1 1 0 0 1 1 0
1 1 1 0 0 1 1 1 1 1 0 0 1 0 1
1 1 0 1 1 1 1 1 1 1 1 1 0 1 1
1 1 1 0 1 1 1 0 1 1 1 0 1 0 1
0 0 1 1 1 1 0 1 1 1 0 1 1 1 0
N~q~xzZnv^{}v~zmfmw

Best cost: 1.1077739905042192
Adjacency matrix:
0 0 1 1 1 1 1 0 1 1 1 0 1 0 1
0 0 1 1 1 1 1 1 1 1 0 1 1 1 0
1 1 0 1 1 0 1 0 1 1 0 1 0 1 1
1 1 1 0 1 1 1 1 1 1 1 1 1 1 1
1 1 1 1 0 1 1 1 1 1 1 1 1 1 1
1 1 0 1 1 0 1 1 0 0 1 1 1 1 1
1 1 1 1 1 1 0 1 1 1 1 1 1 1 1
0 1 0 1 1 1 1 0 1 1 1 1 0 0 1
1 1 1 1 1 0 1 1 0 1 0 1 1 1 0
1 1 1 1 1 0 1 1 1 0 0 1 0 1 1
1 0 0 1 1 1 1 1 0 0 0 0 1 0 1
0 1 1 1 1 1 1 1 1 1 0 0 0 1 1
1 1 0 1 1 1 1 0 1 0 1 0 0 1 1
0 1 1 1 1 1 1 0 1 1 0 1 1 0 0
1 0 1 1 1 1 1 1 0 1 1 1 1 0 0
N^~^y~z}{}N}vi^lvzo

Best cost: 1.2670674058640263
Adjacency matrix:
0 1 1 1 1 1 1 1 1 1 1 0 1 1 1
1 0 1 0 0 0 1 0 1 1 1 0 1 1 0
1 1 0 1 1 0 1 1 1 0 0 1 0 1 1
1 0 1 0 1 1 1 1 1 0 1 1 0 1 1
1 0 1 1 0 0 1 0 1 1 1 1 1 1 1
1 0 0 1 0 0 1 0 1 1 1 1 0 1 1
1 1 1 1 1 1 0 1 1 1 1 0 1 1 1
1 0 1 1 0 0 1 0 1 1 1 1 1 1 1
1 1 1 1 1 1 1 1 0 1 1 1 0 1 1
1 1 0 0 1 1 1 1 1 0 1 1 1 1 1
1 1 0 1 1 1 1 1 1 1 0 1 1 1 0
0 0 1 1 1 1 0 1 1 1 1 0 1 1 1
1 1 0 0 1 0 1 1 0 1 1 1 0 0 0
1 1 1 1 1 1 1 1 1 1 1 1 0 0 1
1 0 1 1 1 1 1 1 1 1 0 1 0 1 0
N|mV|f~r}~fnqv~~V}g

Best cost: 0.9424631981924525
Adjacency matrix:
0 1 0 0 1 1 1 1 1 1 1 1 1 0 1
1 0 1 0 1 1 1 1 1 1 0 1 1 1 1
0 1 0 1 0 1 1 0 1 1 1 1 1 0 1
0 0 1 0 0 1 0 0 1 1 0 1 1 1 1
1 1 0 0 0 1 1 1 1 1 1 1 1 0 1
1 1 1 1 1 0 0 1 0 1 1 1 0 1 1
1 1 1 0 1 0 0 1 1 0 1 0 0 1 0
1 1 0 0 1 1 1 0 1 1 1 1 1 0 1
1 1 1 1 1 0 1 1 0 1 1 1 0 1 1
1 1 1 1 1 1 0 1 1 0 1 1 1 1 1
1 0 1 0 1 1 1 1 1 1 0 1 1 1 1
1 1 1 1 1 1 0 1 1 1 1 0 1 1 1
1 1 1 1 1 0 0 1 0 1 1 1 0 1 1
0 1 0 1 0 1 1 0 1 1 1 1 1 0 1
1 1 1 1 1 1 0 1 1 1 1 1 1 1 0
Nhr~U^z~\^~n}VTn~nw

Best cost: 1.3424641947161675
Adjacency matrix:
0 1 1 1 1 1 1 1 1 1 1 1 1 0 1
1 0 1 1 1 1 1 1 1 1 1 1 1 0 1
1 1 0 1 1 1 1 1 0 0 1 1 0 1 1
1 1 1 0 1 1 1 0 1 0 1 1 0 1 1
1 1 1 1 0 1 0 1 1 1 1 1 1 1 1
1 1 1 1 1 0 1 1 1 1 1 1 1 0 1
1 1 1 1 0 1 0 0 0 1 1 0 1 1 0
1 1 1 0 1 1 0 0 1 1 1 1 1 1 1
1 1 0 1 1 1 0 1 0 1 1 1 1 1 1
1 1 0 0 1 1 1 1 1 0 0 0 0 1 1
1 1 1 1 1 1 1 1 1 0 0 1 1 0 0
1 1 1 1 1 1 0 1 1 0 1 0 1 0 1
1 1 0 0 1 1 1 1 1 0 1 1 0 0 0
0 0 1 1 1 0 1 1 1 1 0 0 0 0 1
1 1 1 1 1 1 0 1 1 1 0 1 0 1 0
N~~~nZ\r~~^lrzM{^mg

Best cost: 1.316738143938823
Adjacency matrix:
0 1 1 0 1 1 1 1 1 1 0 1 1 1 1
1 0 1 1 1 1 1 1 1 1 1 1 1 1 1
1 1 0 0 1 0 0 1 1 0 1 0 0 1 0
0 1 0 0 1 1 0 1 1 1 1 1 1 1 1
1 1 1 1 0 0 0 0 0 1 0 1 1 1 1
1 1 0 1 0 0 1 1 1 1 1 1 1 1 1
1 1 0 0 0 1 0 1 1 1 0 1 1 1 1
1 1 1 1 0 1 1 0 0 1 1 0 1 1 0
1 1 1 1 0 1 1 0 0 1 0 1 1 1 1
1 1 0 1 1 1 1 1 1 0 1 1 1 1 1
0 1 1 1 0 1 0 1 0 1 0 0 1 1 0
1 1 0 1 1 1 1 0 1 1 0 0 1 1 1
1 1 0 1 1 1 1 1 1 1 1 1 0 1 1
1 1 1 1 1 1 1 1 1 1 1 1 1 0 1
1 1 0 1 1 1 1 0 1 1 0 1 1 1 0
Ny~UNnuvzizuv~~~zuw

Best cost: 1.1207085165568613
Adjacency matrix:
0 1 1 1 1 1 1 1 1 1 1 1 1 0 1
1 0 1 1 1 1 1 1 0 1 0 1 1 0 1
1 1 0 1 1 1 1 1 0 1 0 1 1 1 1
1 1 1 0 1 1 0 1 1 1 1 1 1 0 1
1 1 1 1 0 1 1 0 0 1 1 1 1 1 1
1 1 1 1 1 0 1 0 1 1 0 1 1 1 1
1 1 1 0 1 1 0 1 1 1 1 1 0 1 1
1 1 1 1 0 0 1 0 1 0 0 0 1 0 0
1 0 0 1 0 1 1 1 0 1 1 1 0 1 1
1 1 1 1 1 1 1 0 1 0 1 1 1 0 1
1 0 0 1 1 0 1 0 1 1 0 1 1 1 1
1 1 1 1 1 1 1 0 1 1 1 0 1 0 1
1 1 1 1 1 1 0 1 0 1 1 1 0 0 1
0 0 1 0 1 1 1 0 1 0 1 0 0 0 1
1 1 1 1 1 1 1 0 1 1 1 1 1 1 0
N~~~^eV~kt~v~VJi^vw

Best cost: 1.8692151154581316
Adjacency matrix:
0 1 1 1 1 1 1 0 1 1 1 0 1 1 1
1 0 0 1 1 1 1 1 1 1 1 0 1 1 1
1 0 0 1 1 1 0 1 1 0 0 0 1 0 1
1 1 1 0 1 0 0 1 1 1 1 1 1 0 1
1 1 1 1 0 1 0 1 1 1 0 1 1 1 0
1 1 1 0 1 0 1 1 1 1 1 0 0 1 1
1 1 0 0 0 1 0 1 1 1 1 0 0 1 1
0 1 1 1 1 1 1 0 1 1 1 1 1 1 0
1 1 1 1 1 1 1 1 0 1 1 1 1 1 1
1 1 0 1 1 1 1 1 1 0 1 1 0 1 1
1 1 0 1 0 1 1 1 1 1 0 0 1 1 1
0 0 0 1 1 0 0 1 1 1 0 0 1 1 1
1 1 1 1 1 0 0 1 1 0 1 1 0 1 1
1 1 0 0 1 1 1 1 1 1 1 1 1 0 1
1 1 1 1 0 1 1 0 1 1 1 1 1 1 0
Nv~mJ~~v}nbM}Zr~}vw

Best cost: 0.6709307548687301
Adjacency matrix:
0 1 1 1 1 0 1 1 0 1 1 1 1 0 1
1 0 1 1 1 1 0 0 1 0 1 0 1 0 1
1 1 0 1 1 1 1 0 1 1 0 1 1 1 1
1 1 1 0 1 1 1 1 1 0 1 1 1 1 0
1 1 1 1 0 1 0 1 0 1 1 1 0 1 1
0 1 1 1 1 0 1 1 1 1 1 1 1 0 1
1 0 1 1 0 1 0 1 1 1 1 1 0 1 1
1 0 0 1 1 1 1 0 0 1 0 1 1 1 1
0 1 1 1 0 1 1 0 0 0 1 0 1 1 1
1 0 1 0 1 1 1 1 0 0 1 1 1 1 0
1 1 0 1 1 1 1 0 1 1 0 1 1 1 1
1 0 1 1 1 1 1 1 0 1 1 0 1 1 1
1 1 1 1 0 1 0 1 1 1 1 1 0 1 1
0 0 1 1 1 0 1 1 1 1 1 1 1 0 1
1 1 1 0 1 1 1 1 1 0 1 1 1 1 0
N~||k|uju|vz|^M~||w

Best cost: 1.3504370372563521
Adjacency matrix:
0 1 1 1 0 1 1 1 0 0 1 0 1 0 1
1 0 1 1 1 1 1 1 1 1 0 1 1 1 1
1 1 0 1 1 1 0 0 1 1 1 1 1 1 1
1 1 1 0 1 1 1 1 1 0 0 1 1 1 0
0 1 1 1 0 1 0 0 1 1 1 1 1 1 0
1 1 1 1 1 0 1 1 1 1 0 1 1 1 1
1 1 0 1 0 1 0 1 1 1 0 1 1 0 1
1 1 0 1 0 1 1 0 1 1 1 1 1 0 1
0 1 1 1 1 1 1 1 0 1 1 1 1 1 1
0 1 1 0 1 1 1 1 1 0 1 1 0 0 0
1 0 1 0 1 0 0 1 1 1 0 1 1 1 1
0 1 1 1 1 1 1 1 1 1 1 0 1 1 0
1 1 1 1 1 1 1 1 1 0 1 1 0 1 1
0 1 1 1 1 1 0 0 1 0 1 1 1 0 1
1 1 1 0 0 1 1 1 1 0 1 0 1 1 0
N~^}ml~Z|Rn~~z^J{|W

Best cost: 1.1275936781987093
Adjacency matrix:
0 1 0 1 1 0 1 1 1 1 1 1 1 1 1
1 0 1 1 1 1 1 0 1 1 1 1 1 1 1
0 1 0 1 0 0 1 1 1 1 1 1 1 1 1
1 1 1 0 1 1 1 1 1 0 1 1 1 1 0
1 1 0 1 0 1 1 0 1 0 1 1 1 0 0
0 1 0 1 1 0 1 1 1 1 1 1 1 1 1
1 1 1 1 1 1 0 1 1 1 1 0 0 0 1
1 0 1 1 0 1 1 0 0 0 1 1 1 1 0
1 1 1 1 1 1 1 0 0 1 1 1 1 1 1
1 1 1 0 0 1 1 0 1 0 0 1 1 1 1
1 1 1 1 1 1 1 1 1 0 0 1 1 1 0
1 1 1 1 1 1 0 1 1 1 1 0 0 0 1
1 1 1 1 1 1 0 1 1 1 1 0 0 0 1
1 1 1 1 0 1 0 1 1 1 1 0 0 0 1
1 1 1 0 0 1 1 0 1 1 0 1 1 1 0
Nnt^|n}xn~^n~]|][uw

Best cost: 1.1297814792118734
Adjacency matrix:
0 1 1 1 1 1 1 1 1 1 0 1 0 0 1
1 0 1 0 1 1 1 1 1 1 1 1 1 1 1
1 1 0 1 1 0 1 1 1 1 0 1 1 1 1
1 0 1 0 1 1 1 1 1 1 1 1 1 1 1
1 1 1 1 0 0 0 0 1 1 0 1 1 1 1
1 1 0 1 0 0 0 0 1 1 1 1 0 0 1
1 1 1 1 0 0 0 1 1 1 1 1 1 1 0
1 1 1 1 0 0 1 0 1 0 1 1 1 1 1
1 1 1 1 1 1 1 1 0 1 1 0 1 1 1
1 1 1 1 1 1 1 0 1 0 1 1 0 1 0
0 1 0 1 0 1 1 1 1 1 0 1 0 0 1
1 1 1 1 1 1 1 1 0 1 1 0 1 1 1
0 1 1 1 1 0 1 1 1 0 0 1 0 1 1
0 1 1 1 1 0 1 1 1 1 0 1 1 0 0
1 1 1 1 1 1 0 1 1 0 1 1 1 0 0
N|~Vff~~in~z]x]|~lo

Best cost: 1.2374390904995873
Adjacency matrix:
0 1 1 1 1 1 1 1 1 0 1 1 1 1 0
1 0 1 1 1 0 1 1 1 1 1 1 0 1 0
1 1 0 1 1 0 1 1 1 1 1 1 1 1 0
1 1 1 0 0 1 0 1 1 0 1 1 1 0 1
1 1 1 0 0 1 1 1 1 0 1 1 0 1 1
1 0 0 1 1 0 1 0 1 1 0 1 1 0 1
1 1 1 0 1 1 0 1 1 1 1 1 0 1 1
1 1 1 1 1 0 1 0 1 0 1 1 1 1 0
1 1 1 1 1 1 1 1 0 1 1 1 1 1 1
0 1 1 0 0 1 1 0 1 0 1 1 1 0 0
1 1 1 1 1 0 1 1 1 1 0 1 1 1 1
1 1 1 1 1 1 1 1 1 1 1 0 1 1 1
1 0 1 1 0 1 0 1 1 1 1 1 0 1 1
1 1 1 0 1 0 1 1 1 0 1 1 1 0 0
0 0 0 1 1 1 1 0 1 0 1 1 1 0 0
N~y^^v~Xnv~~l^yzbto

Best cost: 1.10515456107001
Adjacency matrix:
0 0 1 0 0 1 0 1 1 1 1 1 1 1 1
0 0 1 1 0 0 1 1 0 1 1 0 1 1 1
1 1 0 1 1 0 1 0 1 0 1 1 1 1 1
0 1 1 0 0 1 1 1 1 0 1 1 1 1 1
0 0 1 0 0 1 0 1 1 1 1 1 1 1 1
1 0 0 1 1 0 0 0 1 1 1 1 1 1 1
0 1 1 1 0 0 0 1 1 0 1 1 1 1 1
1 1 0 1 1 0 1 0 1 0 1 1 1 1 1
1 0 1 1 1 1 1 1 0 0 1 1 1 1 1
1 1 0 0 1 1 0 0 0 0 1 0 1 1 1
1 1 1 1 1 1 1 1 1 1 0 1 0 1 1
1 0 1 1 1 1 1 1 1 0 1 0 1 1 1
1 1 1 1 1 1 1 1 1 1 0 1 0 1 1
1 1 1 1 1 1 1 1 1 1 1 1 1 0 0
1 1 1 1 1 1 1 1 1 1 1 1 1 0 0
NZIZeu~rF~v|~|~~~~o

Best cost: 1.0753849462521197
Adjacency matrix:
0 1 0 1 1 1 1 1 0 1 1 1 1 1 1
1 0 1 1 0 1 1 1 1 1 1 0 1 1 1
0 1 0 0 1 1 0 1 1 0 1 1 1 1 0
1 1 0 0 1 1 1 1 1 1 1 1 1 1 1
1 0 1 1 0 1 1 1 1 1 1 1 0 1 0
1 1 1 1 1 0 1 0 1 0 1 1 0 1 0
1 1 0 1 1 1 0 1 1 1 1 1 1 1 1
1 1 1 1 1 0 1 0 1 0 0 1 0 0 1
0 1 1 1 1 1 1 1 0 0 1 1 0 1 1
1 1 0 1 1 0 1 0 0 0 1 1 1 1 1
1 1 1 1 1 1 1 0 1 1 0 1 1 1 1
1 0 1 1 1 1 1 1 1 1 1 0 0 1 0
1 1 1 1 0 0 1 0 0 1 1 0 0 1 1
1 1 1 1 1 1 1 0 1 1 1 1 1 0 1
1 1 0 1 0 0 1 1 1 1 1 0 1 1 0
Nmn}~t~uf|v~{e~ny^W

Best cost: 1.531794505279266
Adjacency matrix:
0 1 0 1 0 0 1 1 0 1 1 1 1 1 1
1 0 1 0 1 1 1 1 0 1 1 1 1 1 0
0 1 0 1 1 1 0 1 1 1 1 1 1 1 1
1 0 1 0 1 1 0 1 1 0 1 1 1 1 1
0 1 1 1 0 1 0 1 1 1 1 1 1 1 1
0 1 1 1 1 0 1 1 0 1 1 0 1 1 1
1 1 0 0 0 1 0 1 0 0 1 1 1 1 0
1 1 1 1 1 1 1 0 1 0 1 1 1 1 1
0 0 1 1 1 0 0 1 0 0 1 1 1 1 1
1 1 1 0 1 1 0 0 0 0 1 1 1 0 1
1 1 1 1 1 1 1 1 1 1 0 0 0 1 0
1 1 1 1 1 0 1 1 1 1 0 0 1 1 1
1 1 1 1 1 1 1 1 1 1 0 1 0 1 1
1 1 1 1 1 1 1 1 1 0 1 1 1 0 1
1 0 1 1 1 1 0 1 1 1 0 1 1 1 0
Nl\}N{xzF~~]~|~zvmw

Best cost: 1.6339653279992017
Adjacency matrix:
0 1 0 0 1 1 0 0 1 1 1 0 0 1 1
1 0 1 1 1 1 1 1 1 0 1 1 1 1 1
0 1 0 1 0 1 1 1 1 0 1 1 1 1 1
0 1 1 0 0 1 0 1 0 1 1 1 1 1 1
1 1 0 0 0 1 0 1 1 0 1 1 0 1 1
1 1 1 1 1 0 1 0 1 1 1 0 1 1 1
0 1 1 0 0 1 0 1 0 1 1 1 1 1 1
0 1 1 1 1 0 1 0 1 1 1 1 1 1 0
1 1 1 0 1 1 0 1 0 1 1 1 1 1 1
1 0 0 1 0 1 1 1 1 0 0 1 0 1 1
1 1 1 1 1 1 1 1 1 0 0 1 1 1 1
0 1 1 1 1 0 1 1 1 1 1 0 1 0 1
0 1 1 1 0 1 1 1 1 0 1 1 0 1 1
1 1 1 1 1 1 1 1 1 1 1 0 1 0 1
1 1 1 1 1 1 1 0 1 1 1 1 1 1 0
NjrzJvld~~N^\z~}~vw

Best cost: 1.6873375370170718
Adjacency matrix:
0 1 1 1 1 1 1 1 1 1 1 1 1 1 0
1 0 1 0 1 1 1 1 1 1 1 1 1 1 1
1 1 0 1 1 1 1 1 1 1 1 1 1 1 0
1 0 1 0 0 1 1 1 0 0 1 1 1 1 1
1 1 1 0 0 0 1 1 1 1 1 1 1 0 0
1 1 1 1 0 0 1 1 1 1 0 0 1 1 0
1 1 1 1 1 1 0 1 1 1 0 1 1 0 1
1 1 1 1 1 1 1 0 1 1 1 1 1 0 0
1 1 1 0 1 1 1 1 0 1 0 1 1 0 1
1 1 1 0 1 1 1 1 1 0 1 1 1 0 0
1 1 1 1 1 0 0 1 0 1 0 0 0 1 1
1 1 1 1 1 0 1 1 1 1 0 0 1 1 1
1 1 1 1 1 1 1 1 1 1 0 1 0 1 1
1 1 1 1 0 1 0 0 0 0 1 1 1 0 1
0 1 0 1 0 0 1 0 1 0 1 1 1 1 0
N|zv~~nz~q~]~||BiTw

Best cost: 1.1380909740377443
Adjacency matrix:
0 0 1 1 1 0 1 1 1 0 0 1 1 1 1
0 0 0 1 1 1 1 1 0 0 1 1 1 1 1
1 0 0 0 1 1 1 1 1 1 1 1 1 1 1
1 1 0 0 0 1 1 1 1 1 1 0 1 1 1
1 1 1 0 0 0 1 0 1 0 0 1 1 0 1
0 1 1 1 0 0 1 1 1 1 1 1 1 1 0
1 1 1 1 1 1 0 1 1 1 1 1 1 1 0
1 1 1 1 0 1 1 0 1 1 1 1 1 0 1
1 0 1 1 1 1 1 1 0 1 1 0 1 1 1
0 0 1 1 0 1 1 1 1 0 1 1 1 1 0
0 1 1 1 0 1 1 1 1 1 0 0 1 1 1
1 1 1 0 1 1 1 1 0 1 0 0 0 1 1
1 1 1 1 1 1 1 1 1 1 1 0 0 1 1
1 1 1 1 0 1 1 0 1 1 1 1 1 0 1
1 1 1 1 1 0 0 1 1 0 1 1 1 1 0
NUxv~m~Lzn|y~}|n~Lw

Best cost: 0.660530514539937
Adjacency matrix:
0 1 1 1 0 1 1 0 1 1 1 1 1 1 1
1 0 1 0 1 1 1 1 1 0 1 0 1 1 1
1 1 0 1 1 1 1 0 1 1 0 1 0 1 1
1 0 1 0 1 0 1 1 1 1 1 0 1 1 1
0 1 1 1 0 1 0 1 0 1 1 1 1 1 1
1 1 1 0 1 0 1 1 1 0 1 0 1 1 1
1 1 1 1 0 1 0 0 1 1 1 1 1 1 1
0 1 0 1 1 1 0 0 1 1 1 1 1 1 1
1 1 1 1 0 1 1 1 0 1 0 1 0 1 1
1 0 1 1 1 0 1 1 1 0 1 0 1 1 1
1 1 0 1 1 1 1 1 0 1 0 1 1 0 0
1 0 1 0 1 0 1 1 1 0 1 0 1 1 1
1 1 0 1 1 1 1 1 0 1 1 1 0 0 0
1 1 1 1 1 1 1 1 1 1 0 1 0 0 1
1 1 1 1 1 1 1 1 1 1 0 1 0 1 0
N|^nizvm}}t\vv~|^}g

Best cost: 1.2140610215812973
Adjacency matrix:
0 0 1 0 1 1 0 1 1 1 0 1 1 1 1
0 0 1 1 1 1 1 1 1 1 0 0 1 1 1
1 1 0 1 0 1 1 1 0 0 1 1 1 1 1
0 1 1 0 0 1 0 0 1 1 1 1 1 1 1
1 1 0 0 0 1 1 1 0 0 1 1 1 1 1
1 1 1 1 1 0 1 0 0 0 1 1 1 1 1
0 1 1 0 1 1 0 1 1 1 1 1 0 0 0
1 1 1 0 1 0 1 0 1 1 1 1 1 1 1
1 1 0 1 0 0 1 1 0 0 1 1 1 1 1
1 1 0 1 0 0 1 1 0 0 1 1 1 1 1
0 0 1 1 1 1 1 1 1 1 0 0 1 1 1
1 0 1 1 1 1 1 1 1 1 0 0 1 1 1
1 1 1 1 1 1 0 1 1 1 1 1 0 1 1
1 1 1 1 1 1 0 1 1 1 1 1 1 0 1
1 1 1 1 1 1 0 1 1 1 1 1 1 1 0
NZrz^VRsp~v}~^~^~nw

Best cost: 1.0740448273064187
Adjacency matrix:
0 1 1 1 1 1 1 1 1 1 1 1 0 1 1
1 0 1 0 1 0 1 1 1 0 0 1 1 1 1
1 1 0 1 1 1 1 1 1 0 1 1 1 1 1
1 0 1 0 1 1 1 0 0 0 1 1 1 0 1
1 1 1 1 0 1 1 0 1 1 1 1 1 1 1
1 0 1 1 1 0 1 0 0 1 1 1 1 0 1
1 1 1 1 1 1 0 1 1 0 1 1 1 0 1
1 1 1 0 0 0 1 0 1 1 1 1 1 1 0
1 1 1 0 1 0 1 1 0 1 0 1 1 0 1
1 0 0 0 1 1 0 1 1 0 0 0 1 1 1
1 0 1 1 1 1 1 1 0 0 0 1 1 1 1
1 1 1 1 1 1 1 1 1 0 1 0 1 1 1
0 1 1 1 1 1 1 1 1 1 1 1 0 1 1
1 1 1 0 1 0 0 1 0 1 1 1 1 0 0
1 1 1 1 1 1 1 0 1 1 1 1 1 0 0
N|}~~Fjb\}^|^~yV~vo

Best cost: 1.325757733799659
Adjacency matrix:
0 1 0 1 0 1 1 0 1 1 0 1 1 1 1
1 0 0 1 1 0 1 1 1 0 1 1 0 1 0
0 0 0 0 1 1 1 1 1 1 1 1 1 1 1
1 1 0 0 1 1 1 1 1 0 1 0 0 1 0
0 1 1 1 0 1 1 1 1 1 1 1 1 1 1
1 0 1 1 1 0 1 1 0 1 1 1 1 1 1
1 1 1 1 1 1 0 1 0 1 1 1 1 1 0
0 1 1 1 1 1 1 0 1 1 1 1 1 1 1
1 1 1 1 1 0 0 1 0 1 1 0 1 0 1
1 0 1 0 1 1 1 1 1 0 0 1 1 0 1
0 1 1 1 1 1 1 1 1 0 0 1 1 1 0
1 1 1 0 1 1 1 1 0 1 1 0 1 1 1
1 0 1 0 1 1 1 1 1 1 1 1 0 1 1
1 1 1 1 1 1 1 1 0 0 1 1 1 0 1
1 0 1 0 1 1 0 1 1 1 0 1 1 1 0
Ne]~z~xjz~\zj~~rtmw

Best cost: 1.2750055949344326
Adjacency matrix:
0 1 0 0 1 0 0 1 1 0 1 1 1 1 1
1 0 1 1 1 1 1 1 1 1 1 1 1 1 1
0 1 0 1 1 1 1 1 1 1 1 1 1 1 1
0 1 1 0 1 1 1 1 1 1 1 1 1 1 1
1 1 1 1 0 1 1 1 1 1 1 1 1 0 1
0 1 1 1 1 0 0 0 1 1 1 1 0 0 0
0 1 1 1 1 0 0 1 0 1 1 1 1 1 1
1 1 1 1 1 0 1 0 0 1 1 1 0 0 1
1 1 1 1 1 1 0 0 0 1 1 1 0 1 0
0 1 1 1 1 1 1 1 1 0 1 1 0 0 1
1 1 1 1 1 1 1 1 1 1 0 1 0 0 1
1 1 1 1 1 1 1 1 1 1 1 0 1 0 1
1 1 1 1 1 0 1 0 0 0 0 1 0 1 1
1 1 1 1 0 0 1 0 1 0 0 0 1 0 1
1 1 1 1 1 0 1 1 0 1 1 1 1 1 0
Nj|zvv{^~~~~}`{g~Zw

Best cost: 1.1019544236864125
Adjacency matrix:
0 1 1 1 1 0 1 1 1 1 1 0 1 1 1
1 0 1 1 1 1 1 1 0 0 1 1 1 1 1
1 1 0 1 1 1 1 1 0 0 1 1 1 1 1
1 1 1 0 1 0 1 1 1 1 1 1 1 1 0
1 1 1 1 0 1 1 1 0 0 0 0 1 1 1
0 1 1 0 1 0 0 1 0 1 1 1 1 1 1
1 1 1 1 1 0 0 1 1 1 1 1 1 1 0
1 1 1 1 1 1 1 0 1 1 1 0 1 1 1
1 0 0 1 0 0 1 1 0 1 0 1 1 1 0
1 0 0 1 0 1 1 1 1 0 1 1 1 1 1
1 1 1 1 0 1 1 1 0 1 0 0 1 1 1
0 1 1 1 0 1 1 0 1 1 0 0 0 0 1
1 1 1 1 1 1 1 1 1 1 1 0 0 1 1
1 1 1 1 1 1 1 1 1 1 1 0 1 0 0
1 1 1 0 1 1 0 1 0 1 1 1 1 0 0
N~|nv}Rd~mmu~}~}|jo

Best cost: 0.9424130482206993
Adjacency matrix:
0 0 1 1 1 0 1 1 1 1 1 1 1 1 1
0 0 1 0 0 1 1 1 1 0 1 1 0 1 1
1 1 0 1 1 0 1 1 1 1 1 0 1 1 0
1 0 1 0 1 1 1 0 1 1 1 1 1 1 1
1 0 1 1 0 1 1 1 1 1 0 1 1 1 1
0 1 0 1 1 0 0 1 1 1 1 1 1 1 1
1 1 1 1 1 0 0 1 1 1 1 0 1 1 0
1 1 1 0 1 1 1 0 0 1 1 1 1 0 1
1 1 1 1 1 1 1 0 0 1 0 0 1 1 1
1 0 1 1 1 1 1 1 1 0 1 0 1 1 1
1 1 1 1 0 1 1 1 0 1 0 1 1 0 1
1 1 0 1 1 1 0 1 0 0 1 0 1 0 1
1 0 1 1 1 1 1 1 1 1 1 1 0 1 0
1 1 1 1 1 1 1 0 1 1 0 0 1 0 1
1 1 0 1 1 1 0 1 1 1 1 1 0 1 0
N\l^v^}n~mzhn~~kzng

Best cost: 1.4871718674149017
Adjacency matrix:
0 1 0 1 1 0 1 1 0 1 1 1 0 0 1
1 0 1 1 1 1 1 0 1 1 1 1 1 0 0
0 1 0 1 1 1 1 1 1 0 1 1 0 1 1
1 1 1 0 1 1 1 1 1 1 1 0 1 0 1
1 1 1 1 0 1 1 1 1 1 1 1 1 1 1
0 1 1 1 1 0 1 1 0 1 1 1 1 0 0
1 1 1 1 1 1 0 0 1 1 1 0 0 0 1
1 0 1 1 1 1 0 0 1 1 1 1 1 1 0
0 1 1 1 1 0 1 1 0 1 1 1 1 1 0
1 1 0 1 1 1 1 1 1 0 1 1 1 0 1
1 1 1 1 1 1 1 1 1 1 0 1 1 1 1
1 1 1 0 1 1 0 1 1 1 1 0 1 1 1
0 1 0 1 1 1 0 1 1 1 1 1 0 1 1
0 0 1 0 1 0 0 1 1 0 1 1 1 0 1
1 0 1 1 1 0 1 0 0 1 1 1 1 1 0
Nn|~|xzv~~|nV^IZvRw

Best cost: 1.1850349780660014
Adjacency matrix:
0 0 1 1 0 1 0 0 1 1 0 0 1 1 1
0 0 1 1 0 1 1 1 1 1 1 1 0 1 1
1 1 0 1 1 1 0 0 1 1 1 1 1 1 1
1 1 1 0 1 1 1 1 1 1 1 1 0 1 0
0 0 1 1 0 1 1 1 1 1 1 1 1 1 1
1 1 1 1 1 0 0 1 1 1 1 1 1 1 1
0 1 0 1 1 0 0 0 1 1 1 1 1 1 0
0 1 0 1 1 1 0 0 1 1 1 1 0 1 1
1 1 1 1 1 1 1 1 0 1 1 0 1 1 1
1 1 1 1 1 1 1 1 1 0 0 1 0 1 1
0 1 1 1 1 1 1 1 1 0 0 1 1 1 1
0 1 1 1 1 1 1 1 0 1 1 0 0 1 1
1 0 1 0 1 1 1 0 1 0 1 0 0 0 1
1 1 1 1 1 1 1 1 1 1 1 1 0 0 0
1 1 1 0 1 1 0 1 1 1 1 1 1 0 0
N^Nyqz~~z~Nzji~~\no

Best cost: 1.4667268288820983
Adjacency matrix:
0 1 0 1 1 1 1 1 1 1 1 1 1 1 0
1 0 1 0 1 1 1 1 1 1 1 1 1 1 1
0 1 0 0 0 1 1 1 1 1 1 1 1 1 1
1 0 0 0 1 1 1 1 1 1 0 1 1 1 1
1 1 0 1 0 0 1 0 1 0 0 1 0 1 1
1 1 1 1 0 0 1 1 1 1 1 0 1 0 1
1 1 1 1 1 1 0 1 0 1 1 0 1 0 1
1 1 1 1 0 1 1 0 1 1 1 1 1 0 1
1 1 1 1 1 1 0 1 0 1 1 1 0 1 0
1 1 1 1 0 1 1 1 1 0 1 1 1 0 1
1 1 1 0 0 1 1 1 1 1 0 0 1 1 1
1 1 1 1 1 0 0 1 1 1 0 0 1 1 0
1 1 1 1 0 1 1 1 0 1 1 1 0 1 1
1 1 1 1 1 0 0 0 1 0 1 1 1 0 1
0 1 1 1 1 1 1 1 0 1 1 0 1 1 0
Nkvv~n||~N~M|v}JnzW

Best cost: 1.3140273633058164
Adjacency matrix:
0 1 1 1 1 1 0 0 1 1 1 1 0 0 0
1 0 1 1 1 1 1 1 1 1 1 1 1 0 0
1 1 0 1 1 1 1 1 1 1 1 0 1 1 1
1 1 1 0 1 1 1 1 1 1 1 1 1 1 1
1 1 1 1 0 0 1 1 1 0 1 1 1 1 1
1 1 1 1 0 0 1 1 1 1 1 1 1 1 1
0 1 1 1 1 1 0 1 1 1 1 1 0 1 0
0 1 1 1 1 1 1 0 1 0 1 0 1 1 0
1 1 1 1 1 1 1 1 0 1 1 1 1 0 0
1 1 1 1 0 1 1 0 1 0 1 1 0 1 0
1 1 1 1 1 1 1 1 1 1 0 1 1 0 0
1 1 0 1 1 1 1 0 1 1 1 0 1 0 1
0 1 1 1 1 1 0 1 1 0 1 1 0 1 1
0 0 1 1 1 1 1 1 0 1 0 0 1 0 1
0 0 1 1 1 1 0 0 0 0 0 1 1 1 0
N~~rz~~|n~zv^ZNsf_w

Best cost: 1.3489537374068012
Adjacency matrix:
0 0 0 0 1 0 0 1 1 1 1 0 1 0 1
0 0 0 1 1 0 1 0 1 1 1 1 1 1 0
0 0 0 1 1 1 1 1 1 1 1 0 1 1 1
0 1 1 0 1 1 1 1 1 1 1 1 1 1 0
1 1 1 1 0 1 1 1 1 1 1 1 1 0 1
0 0 1 1 1 0 1 1 1 1 1 0 1 0 1
0 1 1 1 1 1 0 0 1 1 1 1 1 1 0
1 0 1 1 1 1 0 0 1 1 0 1 1 1 1
1 1 1 1 1 1 1 1 0 1 1 1 1 0 1
1 1 1 1 1 1 1 1 1 0 1 0 1 1 1
1 1 1 1 1 1 1 0 1 1 0 1 1 0 1
0 1 0 1 1 0 1 1 1 0 1 0 1 1 1
1 1 1 1 1 1 1 1 1 1 1 1 0 1 1
0 1 1 1 0 0 1 1 0 1 0 1 1 0 1
1 0 1 0 1 1 0 1 1 1 1 1 1 1 0
NB{z|z~~~|j\~~[ttnw

Best cost: 1.4927472322446929
Adjacency matrix:
0 1 1 1 0 1 1 1 1 1 0 0 1 1 0
1 0 1 1 1 1 1 0 1 1 0 1 0 1 0
1 1 0 1 1 1 1 1 1 1 1 1 0 1 1
1 1 1 0 1 1 1 1 1 1 1 1 1 1 0
0 1 1 1 0 1 0 1 1 1 1 1 0 1 0
1 1 1 1 1 0 1 1 1 1 1 1 1 1 0
1 1 1 1 0 1 0 1 1 0 1 1 1 1 0
1 0 1 1 1 1 1 0 1 0 1 0 0 1 0
1 1 1 1 1 1 1 1 0 1 1 1 1 1 1
1 1 1 1 1 1 0 0 1 0 1 1 1 1 1
0 0 1 1 1 1 1 1 1 1 0 0 1 1 1
0 1 1 1 1 1 1 0 1 1 0 0 1 1 1
1 0 0 1 0 1 1 0 1 1 1 1 0 1 1
1 1 1 1 1 1 1 1 1 1 1 1 1 0 0
0 0 1 0 0 0 0 0 1 1 1 1 1 0 0
N~^~l~~~H~nudn~~cFo

Best cost: 1.4330593704641112
Adjacency matrix:
0 1 1 0 1 1 1 1 1 1 1 1 1 1 1
1 0 1 1 1 1 0 1 1 1 1 1 1 1 1
1 1 0 1 1 0 0 1 1 1 1 1 1 0 0
0 1 1 0 0 1 1 1 1 1 1 1 0 1 1
1 1 1 0 0 0 1 0 0 1 1 1 0 1 1
1 1 0 1 0 0 1 1 0 0 0 1 1 1 1
1 0 0 1 1 1 0 1 1 1 0 1 1 1 1
1 1 1 1 0 1 1 0 1 1 0 1 1 1 1
1 1 1 1 0 0 1 1 0 0 1 1 1 1 1
1 1 1 1 1 0 1 1 0 0 1 1 1 1 1
1 1 1 1 1 0 0 0 1 1 0 1 0 0 1
1 1 1 1 1 1 1 1 1 1 1 0 1 0 1
1 1 1 0 0 1 1 1 1 1 0 1 0 1 0
1 1 0 1 1 1 1 1 1 1 0 0 1 0 1
1 1 0 1 1 1 1 1 1 1 1 1 0 1 0
NzzS~nr}vp~~x|v{z~g

Best cost: 1.5037595202880478
Adjacency matrix:
0 1 1 1 1 0 0 1 1 1 1 1 0 1 0
1 0 1 1 1 0 1 1 1 0 1 1 0 1 1
1 1 0 1 1 1 1 1 1 1 1 1 1 1 1
1 1 1 0 0 1 1 1 1 0 1 1 1 1 1
1 1 1 0 0 0 1 0 1 0 1 0 0 1 0
0 0 1 1 0 0 1 1 1 0 1 1 1 1 1
0 1 1 1 1 1 0 0 1 1 1 1 1 1 1
1 1 1 1 0 1 0 0 1 1 1 1 1 1 0
1 1 1 1 1 1 1 1 0 1 1 1 0 1 1
1 0 1 0 0 0 1 1 1 0 1 0 1 1 1
1 1 1 1 1 1 1 1 1 1 0 1 1 1 1
1 1 1 1 0 1 1 1 1 0 1 0 0 1 1
0 0 1 1 0 1 1 1 0 1 1 0 0 0 1
1 1 1 1 1 1 1 1 1 1 1 1 0 0 1
0 1 1 1 0 1 1 0 1 1 1 1 1 1 0
N~wr~j~g~~}|Lu~~Mvw

Best cost: 1.3026030737011753
Adjacency matrix:
0 1 1 1 1 1 0 1 0 0 0 1 1 1 1
1 0 1 1 0 0 1 1 1 1 1 0 1 0 1
1 1 0 1 1 1 1 1 0 1 1 1 1 0 1
1 1 1 0 1 1 1 1 1 1 1 1 1 0 1
1 0 1 1 0 1 1 1 0 1 1 1 0 1 0
1 0 1 1 1 0 1 1 1 1 1 1 1 1 0
0 1 1 1 1 1 0 1 0 1 1 1 1 1 0
1 1 1 1 1 1 1 0 0 1 1 1 1 1 1
0 1 0 1 0 1 0 0 0 1 1 1 1 1 1
0 1 1 1 1 1 1 1 1 0 1 1 1 1 0
0 1 1 1 1 1 1 1 1 1 0 1 0 1 0
1 0 1 1 1 1 1 1 1 1 1 0 1 1 0
1 1 1 1 0 1 1 1 1 1 0 1 0 1 1
1 0 0 0 1 1 1 1 1 1 1 1 1 0 1
1 1 1 1 0 0 0 1 1 0 0 0 1 1 0
N~mz~|S^z~v~||b~}KW

Best cost: 1.000352157987395
Adjacency matrix:
0 1 0 1 1 0 1 1 0 1 1 1 1 1 1
1 0 1 1 1 1 1 1 1 1 1 1 0 0 1
0 1 0 0 0 1 1 1 1 0 0 0 0 1 0
1 1 0 0 1 1 1 1 0 1 1 1 1 1 1
1 1 0 1 0 0 1 1 0 1 1 1 1 1 1
0 1 1 1 0 0 1 1 1 1 1 1 1 1 0
1 1 1 1 1 1 0 1 1 1 1 0 1 1 1
1 1 1 1 1 1 1 0 1 1 1 0 1 1 1
0 1 1 0 0 1 1 1 0 1 1 1 1 1 1
1 1 0 1 1 1 1 1 1 0 1 1 0 0 1
1 1 0 1 1 1 1 1 1 1 0 0 1 1 1
1 1 0 1 1 1 0 0 1 1 0 0 1 1 0
1 0 0 1 1 1 1 1 1 0 1 1 0 1 1
1 0 1 1 1 1 1 1 1 0 1 1 1 0 1
1 1 0 1 1 0 1 1 1 1 1 0 1 1 0
Nmtv~|fv}~zefznzz^W

Best cost: 1.4229355967445976
Adjacency matrix:
0 1 1 1 1 1 0 0 0 1 0 1 1 1 1
1 0 1 1 1 1 1 1 1 1 1 1 1 1 1
1 1 0 1 1 1 1 1 1 1 1 1 1 1 0
1 1 1 0 0 0 1 0 0 1 1 1 0 1 1
1 1 1 0 0 0 1 1 1 1 0 0 1 1 1
1 1 1 0 0 0 0 1 1 1 1 0 0 1 1
0 1 1 1 1 0 0 1 1 1 1 1 1 0 0
0 1 1 0 1 1 1 0 1 1 1 1 1 1 1
0 1 1 0 1 1 1 1 0 1 1 1 1 1 1
1 1 1 1 1 1 1 1 1 0 1 1 1 1 1
0 1 1 1 0 1 1 1 1 1 0 1 1 1 0
1 1 1 1 0 0 1 1 1 1 1 0 1 0 1
1 1 1 0 1 0 1 1 1 1 1 1 0 0 0
1 1 1 1 1 1 0 1 1 1 1 0 0 0 1
1 1 0 1 1 1 0 1 1 1 0 1 0 1 0
N~zbr\n~zn}^y~~]Zmg

Best cost: 1.1748723788522188
Adjacency matrix:
0 0 0 1 1 0 1 1 1 1 1 1 1 1 1
0 0 1 1 0 1 1 1 1 1 1 1 1 0 1
0 1 0 1 1 1 1 1 0 0 1 1 1 1 1
1 1 1 0 1 0 0 1 1 0 0 1 0 1 1
1 0 1 1 0 1 1 0 1 1 1 1 1 1 1
0 1 1 0 1 0 1 0 1 0 1 0 1 1 1
1 1 1 0 1 1 0 0 1 1 1 0 1 0 0
1 1 1 1 0 0 0 0 1 1 0 1 1 1 0
1 1 0 1 1 1 1 1 0 1 1 1 1 1 1
1 1 0 0 1 0 1 1 1 0 1 1 1 1 1
1 1 1 0 1 1 1 0 1 1 0 1 1 1 1
1 1 1 1 1 0 0 1 1 1 1 0 1 1 1
1 1 1 0 1 1 1 1 1 1 1 1 0 1 1
1 0 1 1 1 1 0 1 1 1 1 1 1 0 1
1 1 1 1 1 1 0 0 1 1 1 1 1 1 0
NNln^b^q~\~Nz~n^~fw

Best cost: 1.393331481609835
Adjacency matrix:
0 1 1 1 1 0 0 1 1 1 0 1 1 1 1
1 0 1 1 1 1 1 1 0 1 1 1 1 1 0
1 1 0 1 1 1 1 1 1 0 1 1 1 0 1
1 1 1 0 0 1 1 1 1 0 1 1 1 0 1
1 1 1 0 0 0 1 1 1 1 1 1 1 0 1
0 1 1 1 0 0 1 0 1 1 1 1 1 1 1
0 1 1 1 1 1 0 1 1 1 1 0 0 1 1
1 1 1 1 1 0 1 0 1 1 0 1 1 1 1
1 0 1 1 1 1 1 1 0 1 1 0 1 0 1
1 1 0 0 1 1 1 1 1 0 0 1 1 1 1
0 1 1 1 1 1 1 0 1 0 0 1 1 0 1
1 1 1 1 1 1 0 1 0 1 1 0 1 1 1
1 1 1 1 1 1 0 1 1 1 1 1 0 1 0
1 1 0 0 0 1 1 1 0 1 0 1 1 0 0
1 0 1 1 1 1 1 1 1 1 1 1 0 0 0
N~xr~u~rz|^j~^ptv~_

Best cost: 1.427012453005238
Adjacency matrix:
0 1 1 1 1 1 1 1 1 1 1 1 1 0 1
1 0 1 1 1 1 1 0 1 1 1 1 0 1 0
1 1 0 1 1 1 1 1 1 1 1 1 0 0 1
1 1 1 0 1 1 1 0 1 1 1 1 1 1 1
1 1 1 1 0 1 1 1 1 1 1 1 1 1 0
1 1 1 1 1 0 1 0 1 0 1 1 1 0 1
1 1 1 1 1 1 0 1 1 1 1 1 0 1 0
1 0 1 0 1 0 1 0 1 1 1 1 0 0 0
1 1 1 1 1 1 1 1 0 1 1 1 1 0 1
1 1 1 1 1 0 1 1 1 0 0 0 1 1 1
1 1 1 1 1 1 1 1 1 0 0 1 0 1 0
1 1 1 1 1 1 1 1 1 0 1 0 1 1 1
1 0 0 1 1 1 0 0 1 1 0 1 0 0 1
0 1 0 1 1 0 1 0 0 1 1 1 0 0 1
1 0 1 1 0 1 0 0 1 1 0 1 1 1 0
N~~~|V~}~~^|fLUfUew

Best cost: 1.1555288738180889
Adjacency matrix:
0 1 1 0 1 0 1 0 0 1 1 1 0 0 1
1 0 1 1 1 1 1 0 1 1 1 1 1 1 1
1 1 0 1 0 1 1 0 1 1 1 1 0 1 1
0 1 1 0 1 1 1 1 1 0 1 1 1 1 1
1 1 0 1 0 0 1 1 1 1 0 1 0 0 0
0 1 1 1 0 0 0 1 1 1 1 1 1 0 1
1 1 1 1 1 0 0 0 1 1 1 1 1 1 1
0 0 0 1 1 1 0 0 1 1 1 0 1 1 1
0 1 1 1 1 1 1 1 0 0 1 1 1 1 1
1 1 1 0 1 1 1 1 0 0 1 1 1 0 1
1 1 1 1 0 1 1 1 1 1 0 1 1 1 1
1 1 1 1 1 1 1 0 1 1 1 0 1 1 1
0 1 0 1 0 1 1 1 1 1 1 1 0 1 1
0 1 1 1 0 0 1 1 1 0 1 1 1 0 1
1 1 1 1 0 1 1 1 1 1 1 1 1 1 0
Nztvox~zvn~vT~[z}~w

Best cost: 1.1159161148686148
Adjacency matrix:
0 1 1 1 1 1 1 1 1 1 1 1 1 1 1
1 0 1 1 1 1 1 1 1 1 1 1 1 1 1
1 1 0 0 0 1 0 0 1 1 1 1 1 1 1
1 1 0 0 1 1 1 1 0 1 0 1 1 1 1
1 1 0 1 0 1 1 1 1 1 1 0 1 0 1
1 1 1 1 1 0 1 1 1 0 1 0 1 0 0
1 1 0 1 1 1 0 1 1 1 1 0 1 0 1
1 1 0 1 1 1 1 0 1 1 1 0 1 0 1
1 1 1 0 1 1 1 1 0 0 0 1 1 1 1
1 1 1 1 1 0 1 1 0 0 0 1 1 1 1
1 1 1 0 1 1 1 1 0 0 0 1 1 1 1
1 1 1 1 0 0 0 0 1 1 1 0 1 0 0
1 1 1 1 1 1 1 1 1 1 1 1 0 1 1
1 1 1 1 0 0 0 0 1 1 1 0 1 0 0
1 1 1 1 1 0 1 1 1 1 1 0 1 0 0
N}v}}~n}v]]F~~{M~^O

Best cost: 1.2204197774631491
Adjacency matrix:
0 0 1 1 0 1 0 1 1 1 1 0 1 1 0
0 0 1 1 1 1 1 1 1 1 1 1 1 1 1
1 1 0 1 1 1 1 0 0 0 0 1 1 0 1
1 1 1 0 1 0 0 1 1 1 0 0 1 1 0
0 1 1 1 0 1 1 1 1 1 1 1 1 1 1
1 1 1 0 1 0 0 1 1 1 0 1 0 1 1
0 1 1 0 1 0 0 1 1 0 1 1 1 1 1
1 1 0 1 1 1 1 0 1 1 1 1 1 1 1
1 1 0 1 1 1 1 1 0 1 1 1 1 1 1
1 1 0 1 1 1 0 1 1 0 0 1 1 1 1
1 1 0 0 1 0 1 1 1 0 0 1 1 1 1
0 1 1 0 1 1 1 1 1 1 1 0 1 0 1
1 1 1 1 1 0 1 1 1 1 1 1 0 1 0
1 1 0 1 1 1 1 1 1 1 1 0 1 0 1
0 1 1 0 1 1 1 1 1 1 1 1 0 1 0
N^^jU~^v]VL~}~v}l~g

Best cost: 1.2472122032005086
Adjacency matrix:
0 0 0 0 1 0 1 0 1 1 1 1 1 1 1
0 0 1 1 1 0 1 1 0 0 0 1 0 1 1
0 1 0 1 0 0 1 1 1 1 1 1 0 1 1
0 1 1 0 1 1 1 1 1 1 0 1 1 1 1
1 1 0 1 0 0 1 1 1 0 0 1 1 1 1
0 0 0 1 0 0 1 0 1 0 0 1 0 1 1
1 1 1 1 1 1 0 1 1 1 1 1 1 1 1
0 1 1 1 1 0 1 0 1 0 1 1 1 1 1
1 0 1 1 1 1 1 1 0 1 1 1 1 1 1
1 0 1 1 0 0 1 0 1 0 1 1 1 1 1
1 0 1 0 0 0 1 1 1 1 0 1 1 1 1
1 1 1 1 1 1 1 1 1 1 1 0 1 1 1
1 0 0 1 1 0 1 1 1 1 1 1 0 1 1
1 1 1 1 1 1 1 1 1 1 1 1 1 0 1
1 1 1 1 1 1 1 1 1 1 1 1 1 1 0
NJsVzu~klF~~e~~~~~w

Best cost: 1.33860410395401
Adjacency matrix:
0 1 1 1 1 0 0 1 1 0 0 1 0 1 0
1 0 0 1 1 1 1 1 1 1 1 1 1 1 0
1 0 0 1 0 1 0 1 1 0 1 1 1 1 1
1 1 1 0 1 0 1 1 1 1 1 1 1 0 1
1 1 0 1 0 1 1 1 1 0 1 1 1 1 1
0 1 1 0 1 0 1 1 1 1 1 1 1 1 1
0 1 0 1 1 1 0 1 1 1 1 0 1 0 1
1 1 1 1 1 1 1 0 1 1 1 1 0 1 1
1 1 1 1 1 1 1 1 0 1 0 0 1 1 1
0 1 0 1 0 1 1 1 1 0 1 0 1 1 1
0 1 1 1 1 1 1 1 0 1 0 1 1 1 1
1 1 1 1 1 1 0 1 0 0 1 0 0 1 1
0 1 1 1 1 1 1 0 1 1 1 0 0 1 1
1 1 1 0 1 1 0 1 1 1 1 1 1 0 0
0 0 1 1 1 1 1 1 1 1 1 1 1 0 0
Nvti~~~Tz}~h^mz^f~o

Best cost: 1.1699788603207215
Adjacency matrix:
0 1 0 1 1 0 1 0 1 0 1 1 0 1 0
1 0 0 1 1 0 0 1 1 1 1 1 1 1 1
0 0 0 0 0 1 0 0 1 1 1 1 1 1 1
1 1 0 0 1 1 1 1 1 1 0 1 1 1 1
1 1 0 1 0 1 1 1 1 1 0 1 1 1 1
0 0 1 1 1 0 0 0 0 1 1 1 1 1 1
1 0 0 1 1 0 0 1 1 1 1 1 1 1 1
0 1 0 1 1 0 1 0 1 1 1 0 1 0 0
1 1 1 1 1 0 1 1 0 1 1 1 1 1 1
0 1 1 1 1 1 1 1 1 0 1 1 1 1 1
1 1 1 0 0 1 1 1 1 1 0 1 1 1 0
1 1 1 1 1 1 1 0 1 1 1 0 1 1 1
0 1 1 1 1 1 1 1 1 1 1 1 0 1 1
1 1 1 1 1 1 1 0 1 1 1 1 1 0 1
0 1 1 1 1 1 1 0 1 1 0 1 1 1 0
Nes{qvz^~N~v^~~nnuw

Best cost: 1.3135732707654237
Adjacency matrix:
0 1 1 1 1 1 1 1 0 1 1 0 1 1 1
1 0 1 0 1 0 0 1 1 0 1 1 1 0 0
1 1 0 1 1 1 1 1 0 1 1 1 1 1 1
1 0 1 0 1 1 1 0 1 0 1 0 1 1 1
1 1 1 1 0 0 0 1 1 1 1 1 1 1 1
1 0 1 1 0 0 1 1 0 1 0 1 1 1 1
1 0 1 1 0 1 0 1 1 1 0 0 1 1 1
1 1 1 0 1 1 1 0 1 1 1 1 0 1 1
0 1 0 1 1 0 1 1 0 1 1 0 1 1 1
1 0 1 0 1 1 1 1 1 0 1 0 0 1 1
1 1 1 1 1 0 0 1 1 1 0 1 1 1 1
0 1 1 0 1 1 0 1 0 0 1 0 1 1 1
1 1 1 1 1 1 1 0 1 0 1 1 0 1 1
1 0 1 1 1 1 1 1 1 1 1 1 1 0 1
1 0 1 1 1 1 1 1 1 1 1 1 1 1 0
N|}tn\Zj~rlh~jn~v~w

Best cost: 1.2685337936093086
Adjacency matrix:
0 0 0 1 1 0 1 1 0 1 0 1 1 1 1
0 0 1 0 1 1 0 1 1 1 1 1 0 0 1
0 1 0 1 0 1 1 1 1 1 1 0 1 1 0
1 0 1 0 0 1 1 0 1 1 1 1 1 1 1
1 1 0 0 0 1 1 0 0 1 0 1 1 1 1
0 1 1 1 1 0 1 1 1 1 1 1 1 1 1
1 0 1 1 1 1 0 1 1 1 1 1 1 1 1
1 1 1 0 0 1 1 0 0 1 1 1 1 1 1
0 1 1 1 0 1 1 0 0 0 1 1 1 1 1
1 1 1 1 1 1 1 1 0 0 1 1 1 1 0
0 1 1 1 0 1 1 1 1 1 0 1 1 0 0
1 1 0 1 1 1 1 1 1 1 1 0 1 1 1
1 0 1 1 1 1 1 1 1 1 1 1 0 1 1
1 0 1 1 1 1 1 1 1 1 0 1 1 0 1
1 1 0 1 1 1 1 1 1 0 0 1 1 1 0
NLp|~Lu~rnz~n~n|z{w

Best cost: 1.420758602451534
Adjacency matrix:
0 1 1 1 1 1 1 0 1 1 1 1 0 1 0
1 0 1 1 1 1 1 1 1 1 1 1 0 1 1
1 1 0 1 1 1 1 1 1 0 0 1 1 1 1
1 1 1 0 1 1 1 1 0 1 1 1 1 1 1
1 1 1 1 0 1 1 1 1 0 0 1 0 1 1
1 1 1 1 1 0 1 1 0 1 1 1 1 1 1
1 1 1 1 1 1 0 1 0 1 1 1 1 1 1
0 1 1 1 1 1 1 0 0 1 1 1 0 0 0
1 1 1 0 1 0 0 0 0 1 1 1 1 0 0
1 1 0 1 0 1 1 1 1 0 1 1 1 0 1
1 1 0 1 0 1 1 1 1 1 0 1 1 0 0
1 1 1 1 1 1 1 1 1 1 1 0 1 1 0
0 0 1 1 0 1 1 0 1 1 1 1 0 1 1
1 1 1 1 1 1 1 0 0 0 0 1 1 0 1
0 1 1 1 1 1 1 0 0 1 0 0 1 1 0
N~~~z~gt}n~~Ln~`nqW

Best cost: 1.0809955619715548
Adjacency matrix:
0 1 1 1 0 0 0 1 1 1 1 1 1 1 1
1 0 0 1 1 1 1 1 1 1 1 1 1 1 1
1 0 0 1 1 1 1 1 1 1 1 1 1 1 1
1 1 1 0 1 1 0 1 1 1 1 0 1 1 1
0 1 1 1 0 0 1 1 1 1 0 1 1 1 1
0 1 1 1 0 0 1 0 1 1 1 1 0 0 1
0 1 1 0 1 1 0 0 1 1 1 1 1 0 1
1 1 1 1 1 0 0 0 1 1 0 1 0 1 0
1 1 1 1 1 1 1 1 0 1 1 1 1 1 0
1 1 1 1 1 1 1 1 1 0 1 1 1 1 0
1 1 1 1 0 1 1 0 1 1 0 0 1 0 1
1 1 1 0 1 1 1 1 1 1 0 0 1 1 1
1 1 1 1 1 0 1 0 1 1 1 1 0 0 0
1 1 1 1 1 0 0 1 1 1 0 1 0 0 1
1 1 1 1 1 1 1 0 0 0 1 1 0 1 0
Nv\r^r~~~l|}}n}\^pg

Best cost: 1.38949707835746
Adjacency matrix:
0 1 1 0 1 1 0 1 1 0 1 1 1 1 1
1 0 1 0 1 1 1 1 1 1 0 1 1 1 1
1 1 0 1 1 0 1 0 1 1 1 1 1 1 1
0 0 1 0 1 1 1 1 1 1 1 1 1 0 1
1 1 1 1 0 0 1 0 1 1 1 1 1 1 1
1 1 0 1 0 0 1 1 1 1 1 1 1 0 1
0 1 1 1 1 1 0 1 1 1 0 0 1 1 1
1 1 0 1 0 1 1 0 1 1 1 1 1 0 1
1 1 1 1 1 1 1 1 0 0 1 1 1 0 0
0 1 1 1 1 1 1 1 0 0 1 1 1 0 0
1 0 1 1 1 1 0 1 1 1 0 1 1 1 0
1 1 1 1 1 1 0 1 1 1 1 0 1 0 1
1 1 1 1 1 1 1 1 1 1 1 1 0 0 1
1 1 1 0 1 0 1 0 0 0 1 0 0 0 1
1 1 1 1 1 1 1 1 0 0 0 1 1 1 0
Nx~R}n~^tz~n~~ya^ww

Best cost: 1.6455745692212513
Adjacency matrix:
0 1 1 0 1 1 0 1 1 1 1 1 1 1 0
1 0 0 0 1 1 1 1 1 1 1 1 1 1 0
1 0 0 1 1 0 1 1 1 0 1 0 1 1 1
0 0 1 0 1 1 1 0 1 0 1 0 1 0 1
1 1 1 1 0 1 1 1 1 1 1 1 1 1 1
1 1 0 1 1 0 0 1 0 0 0 0 1 1 1
0 1 1 1 1 0 0 1 0 1 0 1 1 0 1
1 1 1 0 1 1 1 0 1 1 1 1 1 1 1
1 1 1 1 1 0 0 1 0 1 1 1 1 1 0
1 1 0 0 1 0 1 1 1 0 1 1 1 1 1
1 1 1 1 1 0 0 1 1 1 0 1 1 1 1
1 1 0 0 1 0 1 1 1 1 1 0 1 1 1
1 1 1 1 1 1 1 1 1 1 1 1 0 1 1
1 1 1 0 1 1 0 1 1 1 1 1 1 0 1
0 0 1 1 1 1 1 1 0 1 1 1 1 1 0
Np~Zv^xq~rx^~~z^fzw

Best cost: 1.122401410183079
Adjacency matrix:
0 1 1 1 1 1 1 1 0 0 1 0 0 1 0
1 0 1 1 1 1 1 1 1 1 1 1 1 1 1
1 1 0 1 0 1 1 1 1 1 1 1 1 1 1
1 1 1 0 0 1 1 1 1 0 1 0 1 1 1
1 1 0 0 0 1 1 1 1 1 1 1 0 0 0
1 1 1 1 1 0 1 1 1 1 1 1 1 1 0
1 1 1 1 1 1 0 1 0 1 1 1 0 1 1
1 1 1 1 1 1 1 0 0 1 1 1 0 1 0
0 1 1 1 1 1 0 0 0 0 1 1 1 1 0
0 1 1 0 1 1 1 1 0 0 1 1 0 1 1
1 1 1 1 1 1 1 1 1 1 0 1 1 1 1
0 1 1 0 1 1 1 1 1 1 1 0 1 1 1
0 1 1 1 0 1 0 0 1 0 1 1 0 1 1
1 1 1 1 0 1 1 1 1 1 1 1 1 0 0
0 1 1 1 0 0 1 0 0 1 1 1 1 0 0
N~r~~|{Zv~l~\J|~mRo

Best cost: 1.3177010113411354
Adjacency matrix:
0 1 0 0 1 1 1 1 0 1 1 1 1 1 0
1 0 0 1 1 1 0 1 1 1 1 0 1 0 1
0 0 0 1 1 1 1 1 1 0 1 1 0 1 1
0 1 1 0 1 1 1 0 1 0 1 1 1 1 1
1 1 1 1 0 0 1 1 1 1 1 1 0 1 1
1 1 1 1 0 0 0 1 0 1 1 1 1 0 1
1 0 1 1 1 0 0 1 1 1 1 1 0 1 1
1 1 1 0 1 1 1 0 1 1 1 0 1 1 1
0 1 1 1 1 0 1 1 0 1 0 1 1 1 1
1 1 0 0 1 1 1 1 1 0 1 1 1 1 1
1 1 1 1 1 1 1 1 0 1 0 1 1 1 0
1 0 1 1 1 1 1 0 1 1 1 0 0 1 1
1 1 0 1 0 1 0 1 1 1 1 0 0 1 1
1 0 1 1 1 0 1 1 1 1 1 1 1 0 1
0 1 1 1 1 1 1 1 1 1 0 1 1 1 0
Nb~tv\zr~}vvt]m~n}w

Best cost: 1.2482933425022964
Adjacency matrix:
0 1 1 1 1 1 1 0 1 0 0 1 1 1 1
1 0 1 1 0 1 1 1 1 0 1 1 1 1 1
1 1 0 1 1 0 1 1 0 0 0 1 0 1 1
1 1 1 0 1 1 1 1 1 1 1 1 1 1 1
1 0 1 1 0 0 0 1 1 1 1 1 1 1 0
1 1 0 1 0 0 1 0 0 1 1 1 1 1 0
1 1 1 1 0 1 0 1 1 0 1 1 1 1 1
0 1 1 1 1 0 1 0 1 1 1 1 1 1 1
1 1 0 1 1 0 1 1 0 1 1 1 1 1 1
0 0 0 1 1 1 0 1 1 0 1 1 1 0 0
0 1 0 1 1 1 1 1 1 1 0 1 1 0 1
1 1 1 1 1 1 1 1 1 1 1 0 1 0 1
1 1 0 1 1 1 1 1 1 1 1 1 0 1 1
1 1 1 1 1 1 1 1 1 0 0 0 1 0 0
1 1 1 1 0 0 1 1 1 0 1 1 1 0 0
N~nVjvZFY~~~v~~w}\o

Best cost: 1.040777351083878
Adjacency matrix:
0 1 1 0 0 1 0 1 1 1 0 0 1 1 1
1 0 1 1 1 1 1 1 0 1 1 1 1 0 0
1 1 0 1 1 1 1 1 1 1 1 1 1 0 0
0 1 1 0 1 1 1 1 1 1 1 1 1 1 0
0 1 1 1 0 1 1 1 0 1 1 1 0 1 0
1 1 1 1 1 0 1 1 1 1 1 1 0 0 1
0 1 1 1 1 1 0 1 1 1 1 1 0 1 0
1 1 1 1 1 1 1 0 1 1 1 1 1 1 1
1 0 1 1 0 1 1 1 0 0 1 1 0 1 1
1 1 1 1 1 1 1 1 0 0 1 1 1 1 1
0 1 1 1 1 1 1 1 1 1 0 1 1 1 1
0 1 1 1 1 1 1 1 1 1 1 0 1 1 0
1 1 1 1 0 0 0 1 0 1 1 1 0 1 1
1 0 0 1 1 0 1 1 1 1 1 1 1 0 0
1 0 0 0 0 1 0 1 1 1 1 0 1 0 0
Nz^z~}v~r~n~{Ve~onO

Best cost: 1.4991775091801207
Adjacency matrix:
0 1 0 1 0 1 1 0 0 0 0 1 1 1 1
1 0 1 1 1 0 1 0 1 1 1 1 1 1 1
0 1 0 1 0 1 1 1 1 1 1 1 1 1 1
1 1 1 0 1 1 0 1 1 0 0 1 1 1 1
0 1 0 1 0 1 1 1 1 1 1 1 1 1 1
1 0 1 1 1 0 1 0 1 1 1 1 1 1 1
1 1 1 0 1 1 0 1 0 1 1 1 1 0 1
0 0 1 1 1 0 1 0 1 1 0 1 1 0 1
0 1 1 1 1 1 0 1 0 1 1 1 1 1 1
0 1 1 0 1 1 1 1 1 0 1 1 0 0 1
0 1 1 0 1 1 1 0 1 1 0 0 1 0 0
1 1 1 1 1 1 1 1 1 1 0 0 1 1 1
1 1 1 1 1 1 1 1 1 0 1 1 0 1 1
1 1 1 1 1 1 0 0 1 0 0 1 1 0 1
1 1 1 1 1 1 1 1 1 1 0 1 1 1 0
NnU~Xt|Zz\~}~z~H~}w

Best cost: 1.1526934629666734
Adjacency matrix:
0 1 0 1 1 1 1 0 1 1 1 1 0 1 1
1 0 1 0 1 1 1 1 0 1 1 0 1 1 1
0 1 0 1 1 1 1 1 1 1 0 1 1 1 1
1 0 1 0 0 1 0 1 1 0 1 1 1 1 1
1 1 1 0 0 1 1 1 1 1 1 1 0 1 1
1 1 1 1 1 0 1 0 1 1 0 1 0 1 1
1 1 1 0 1 1 0 0 1 1 1 1 1 1 1
0 1 1 1 1 0 0 0 1 1 1 1 1 0 1
1 0 1 1 1 1 1 1 0 1 1 0 1 1 0
1 1 1 0 1 1 1 1 1 0 1 1 1 1 1
1 1 0 1 1 0 1 1 1 1 0 1 1 0 0
1 0 1 1 1 1 1 1 0 1 1 0 1 1 0
0 1 1 1 0 0 1 1 1 1 1 1 0 0 1
1 1 1 1 1 1 1 0 1 1 0 1 0 0 1
1 1 1 1 1 1 1 1 0 1 0 0 1 1 0
Nlz~Zq~z}vvz[~~l^yW

Best cost: 1.4901029167243096
Adjacency matrix:
0 0 1 1 0 1 1 0 0 0 1 1 1 1 1
0 0 0 1 1 1 1 1 1 0 0 1 1 1 1
1 0 0 1 1 1 0 0 1 1 1 1 1 1 1
1 1 1 0 1 1 1 0 0 1 1 1 1 1 1
0 1 1 1 0 0 1 1 1 1 1 1 1 1 1
1 1 1 1 0 0 1 1 1 1 1 0 1 1 0
1 1 0 1 1 1 0 1 1 0 1 1 1 1 1
0 1 0 0 1 1 1 0 1 0 1 1 0 1 0
0 1 1 0 1 1 1 1 0 1 1 1 0 0 1
0 0 1 1 1 1 0 0 1 0 1 1 1 1 1
1 0 1 1 1 1 1 1 1 1 0 1 1 1 0
1 1 1 1 1 0 1 1 1 1 1 0 1 1 1
1 1 1 1 1 1 1 0 0 1 1 1 0 1 1
1 1 1 1 1 1 1 1 0 1 1 1 1 0 1
1 1 1 1 1 0 1 0 1 1 0 1 1 1 0
NV^uy\nNL~~^~f~v~Uw

Best cost: 1.544064607170893
Adjacency matrix:
0 1 1 1 0 1 0 1 0 0 1 1 1 0 1
1 0 1 1 0 1 1 1 1 1 1 1 1 1 1
1 1 0 1 1 1 1 1 1 1 0 0 0 1 1
1 1 1 0 0 0 1 0 0 0 1 0 1 1 1
0 0 1 0 0 1 0 1 1 1 1 1 1 1 1
1 1 1 0 1 0 1 1 1 1 1 1 1 1 1
0 1 1 1 0 1 0 1 1 1 1 1 0 1 1
1 1 1 0 1 1 1 0 1 1 1 1 1 1 1
0 1 1 0 1 1 1 1 0 1 0 0 1 1 1
0 1 1 0 1 1 1 1 1 0 1 1 0 1 1
1 1 0 1 1 1 1 1 0 1 0 1 0 1 1
1 1 0 0 1 1 1 1 0 1 1 0 1 1 1
1 1 0 1 1 1 0 1 1 0 0 1 0 0 1
0 1 1 1 1 1 1 1 1 1 1 1 0 0 1
1 1 1 1 1 1 1 1 1 1 1 1 1 1 0
N~Jjn\nZ}}xzvX^~^~w

Best cost: 1.4326104353716278
Adjacency matrix:
0 1 1 0 1 1 1 1 0 1 1 0 0 1 1
1 0 1 1 1 1 1 1 1 1 1 1 0 0 1
1 1 0 1 1 1 1 1 1 1 1 1 0 1 0
0 1 1 0 1 0 1 1 0 1 0 1 1 1 1
1 1 1 1 0 1 1 1 1 1 1 1 1 1 0
1 1 1 0 1 0 1 1 1 1 1 1 0 1 1
1 1 1 1 1 1 0 1 1 1 1 1 1 0 1
1 1 1 1 1 1 1 0 1 1 1 1 1 1 1
0 1 1 0 1 1 1 1 0 1 0 1 1 0 0
1 1 1 1 1 1 1 1 1 0 1 1 1 1 1
1 1 1 0 1 1 1 1 0 1 0 0 0 0 0
0 1 1 1 1 1 1 1 1 1 0 0 1 1 1
0 0 0 1 1 0 1 1 1 1 0 1 0 1 1
1 0 1 1 1 1 0 1 0 1 0 1 1 0 0
1 1 0 1 0 1 1 1 0 1 0 1 1 0 0
Nz~n~|n~~]n}E|nTyyo

Best cost: 1.0620313388718525
Adjacency matrix:
0 0 0 0 0 1 1 1 1 1 1 1 1 1 1
0 0 0 0 1 1 0 1 0 1 0 1 1 1 1
0 0 0 1 1 0 0 1 1 1 1 1 1 0 1
0 0 1 0 1 1 1 0 0 1 0 0 1 1 1
0 1 1 1 0 1 0 1 0 1 0 1 1 1 1
1 1 0 1 1 0 1 1 1 1 1 1 1 1 1
1 0 0 1 0 1 0 1 1 1 1 1 1 1 1
1 1 1 0 1 1 1 0 0 0 1 1 1 0 1
1 0 1 0 0 1 1 0 0 1 1 1 1 1 1
1 1 1 1 1 1 1 0 1 0 1 1 1 1 1
1 0 1 0 0 1 1 1 1 1 0 1 1 1 1
1 1 1 0 1 1 1 1 1 1 1 0 1 1 1
1 1 1 1 1 1 1 1 1 1 1 1 0 1 1
1 1 0 1 1 1 1 0 1 1 1 1 1 0 1
1 1 1 1 1 1 1 1 1 1 1 1 1 1 0
N@^[n]e~lN|~~~vn~~w

Best cost: 0.7735396618996949
Adjacency matrix:
0 1 1 1 1 1 0 1 0 1 1 1 1 1 1
1 0 1 1 0 0 1 1 1 1 0 1 1 1 1
1 1 0 1 1 1 1 0 1 0 1 0 1 1 1
1 1 1 0 0 0 1 0 0 1 1 1 1 1 1
1 0 1 0 0 1 0 1 1 1 1 1 0 0 1
1 0 1 0 1 0 1 0 1 1 0 1 1 1 1
0 1 1 1 0 1 0 1 1 1 1 1 1 1 1
1 1 0 0 1 0 1 0 1 1 1 1 1 1 1
0 1 1 0 1 1 1 1 0 1 0 1 0 0 1
1 1 0 1 1 1 1 1 1 0 1 1 1 0 1
1 0 1 1 1 0 1 1 0 1 0 1 1 1 1
1 1 0 1 1 1 1 1 1 1 1 0 0 1 1
1 1 1 1 0 1 1 1 0 1 1 0 0 1 1
1 1 1 1 0 1 1 1 0 0 1 1 1 0 1
1 1 1 1 1 1 1 1 1 1 1 1 1 1 0
N~ijmTnv|uz~|u|r~~w

Best cost: 1.0161299453358004
Adjacency matrix:
0 1 0 1 1 1 1 0 0 1 1 1 1 1 1
1 0 0 1 1 0 1 0 1 1 0 0 1 1 0
0 0 0 1 1 1 1 1 1 1 1 1 0 0 1
1 1 1 0 0 1 1 1 1 1 0 0 1 1 1
1 1 1 0 0 0 1 1 1 0 1 1 1 0 1
1 0 1 1 0 0 1 0 1 1 1 1 1 1 1
1 1 1 1 1 1 0 1 1 1 1 1 1 1 0
0 0 1 1 1 0 1 0 1 1 1 1 0 1 1
0 1 1 1 1 1 1 1 0 0 1 1 0 1 1
1 1 1 1 0 1 1 1 0 0 1 1 1 1 1
1 0 1 0 1 1 1 1 1 1 0 1 1 1 1
1 0 1 0 1 1 1 1 1 1 1 0 1 1 1
1 1 0 1 1 1 1 0 0 1 1 1 0 1 1
1 1 0 1 0 1 1 1 1 1 1 1 1 0 1
1 0 1 1 1 1 0 1 1 1 1 1 1 1 0
Nfyvxt~|t^t~vft~vnw

Best cost: 1.0399022599522585
Adjacency matrix:
0 1 1 1 1 1 1 1 1 1 0 1 1 1 1
1 0 1 0 1 1 1 1 1 1 1 1 1 0 0
1 1 0 1 1 1 1 0 1 1 1 0 1 0 1
1 0 1 0 1 1 1 0 0 0 0 1 1 1 1
1 1 1 1 0 1 1 0 1 0 0 1 1 1 1
1 1 1 1 1 0 1 1 1 1 1 1 1 1 1
1 1 1 1 1 1 0 1 0 1 0 1 1 1 1
1 1 0 0 0 1 1 0 1 1 1 0 1 1 1
1 1 1 0 1 1 0 1 0 1 1 1 1 0 1
1 1 1 0 0 1 1 1 1 0 0 0 1 1 1
0 1 1 0 0 1 0 1 1 0 0 1 0 1 0
1 1 0 1 1 1 1 0 1 0 1 0 1 1 1
1 1 1 1 1 1 1 1 1 1 0 1 0 1 1
1 0 0 1 1 1 1 1 0 1 1 1 1 0 1
1 0 1 1 1 1 1 1 1 1 0 1 1 1 0
N|~~}NlxzJZt~|fvv}w

Best cost: 1.0121742347682927
Adjacency matrix:
0 0 0 1 1 1 0 1 1 1 0 1 0 1 1
0 0 0 1 0 1 1 1 1 0 1 1 1 0 1
0 0 0 1 0 0 1 1 0 1 1 1 1 1 1
1 1 1 0 1 1 1 1 1 1 1 1 1 1 1
1 0 0 1 0 1 1 1 1 1 0 1 0 1 1
1 1 0 1 1 0 1 1 1 1 1 1 1 1 1
0 1 1 1 1 1 0 0 1 0 1 1 0 1 0
1 1 1 1 1 1 0 0 1 1 1 1 1 1 1
1 1 0 1 1 1 1 1 0 1 1 1 1 1 1
1 0 1 1 1 1 0 1 1 0 1 1 0 1 1
0 1 1 1 0 1 1 1 1 1 0 1 0 0 1
1 1 1 1 1 1 1 1 1 1 1 0 1 1 1
0 1 1 1 0 1 0 1 1 0 0 1 0 0 1
1 0 1 1 1 1 1 1 1 1 0 1 0 0 1
1 1 1 1 1 1 0 1 1 1 1 1 1 1 0
NFfZ~z^nZn~~\Xn|^nw

Best cost: 1.5050719187992585
Adjacency matrix:
0 1 0 1 1 0 0 1 1 0 1 0 1 1 1
1 0 1 1 1 1 1 1 0 1 1 0 1 1 1
0 1 0 1 1 1 0 0 0 1 1 1 1 1 0
1 1 1 0 1 1 1 1 1 1 1 1 1 0 1
1 1 1 1 0 1 1 1 0 0 1 1 1 1 1
0 1 1 1 1 0 1 0 0 1 1 1 1 1 1
0 1 0 1 1 1 0 1 0 1 1 1 1 1 0
1 1 0 1 1 0 1 0 1 1 1 1 0 0 0
1 0 0 1 0 0 0 1 0 1 1 1 1 1 1
0 1 1 1 0 1 1 1 1 0 1 1 1 1 1
1 1 1 1 1 1 1 1 1 1 0 1 0 1 1
0 0 1 1 1 1 1 1 1 1 1 0 1 1 1
1 1 1 1 1 1 1 0 1 1 0 1 0 1 1
1 1 1 0 1 1 1 0 1 1 1 1 1 0 1
1 1 0 1 1 1 0 0 1 1 1 1 1 1 0
Nn|y}uP\~~f~~lznzfw

Best cost: 1.2981756797169455
Adjacency matrix:
0 1 0 1 1 1 1 1 1 1 1 1 0 0 0
1 0 1 1 1 1 1 0 0 1 1 1 1 0 1
0 1 0 1 1 0 1 1 1 1 1 1 1 1 1
1 1 1 0 1 1 1 0 0 1 1 1 1 0 1
1 1 1 1 0 1 0 1 1 0 1 0 1 1 0
1 1 0 1 1 0 1 0 1 1 1 1 0 1 0
1 1 1 1 0 1 0 1 1 1 0 1 1 1 1
1 0 1 0 1 0 1 0 1 1 1 1 1 1 1
1 0 1 0 1 1 1 1 0 1 1 0 1 1 0
1 1 1 1 0 1 1 1 1 0 0 1 1 1 1
1 1 1 1 1 1 0 1 1 0 0 1 1 1 1
1 1 1 1 0 1 1 1 0 1 1 0 1 1 1
0 1 1 1 1 0 1 1 1 1 1 1 0 1 1
0 0 1 0 1 1 1 1 1 1 1 1 1 0 1
0 1 1 1 0 0 1 1 0 1 1 1 1 1 0
Nn~^lUn|~z]z]~J~mZw

Best cost: 1.291706293651583
Adjacency matrix:
0 0 1 1 1 1 0 0 0 1 0 1 1 1 0
0 0 1 0 1 0 0 1 0 1 0 1 1 1 1
1 1 0 0 1 1 1 1 1 1 0 1 1 1 1
1 0 0 0 1 1 1 1 1 0 1 1 1 1 1
1 1 1 1 0 1 1 1 1 1 0 1 1 1 1
1 0 1 1 1 0 1 1 1 1 0 1 1 1 1
0 0 1 1 1 1 0 1 1 1 1 1 1 0 1
0 1 1 1 1 1 1 0 1 1 1 1 1 1 1
0 0 1 1 1 1 1 1 0 1 1 1 1 1 1
1 1 1 0 1 1 1 1 1 0 0 1 1 1 1
0 0 0 1 0 0 1 1 1 0 0 0 0 1 1
1 1 1 1 1 1 1 1 1 1 0 0 1 0 1
1 1 1 1 1 1 1 1 1 1 0 1 0 0 1
1 1 1 1 1 1 0 1 1 1 1 0 0 0 1
0 1 1 1 1 1 1 1 1 1 1 1 1 1 0
N[}xz{~zwf^}~|~]N~w

Best cost: 1.340312956810411
Adjacency matrix:
0 0 1 1 1 1 0 1 1 0 1 1 1 0 1
0 0 0 1 1 1 1 1 0 0 1 1 1 1 1
1 0 0 1 1 0 1 1 1 1 0 0 1 1 1
1 1 1 0 1 1 1 0 1 1 1 1 0 1 1
1 1 1 1 0 1 1 1 1 0 1 1 1 1 1
1 1 0 1 1 0 1 1 1 1 0 1 1 0 0
0 1 1 1 1 1 0 1 1 1 0 0 1 1 1
1 1 1 0 1 1 1 0 1 1 1 1 0 1 1
1 0 1 1 1 1 1 1 0 1 1 1 1 1 1
0 0 1 1 0 1 1 1 1 0 0 0 1 1 0
1 1 0 1 1 0 0 1 1 0 0 1 1 1 1
1 1 0 1 1 1 0 1 1 0 1 0 1 1 1
1 1 1 0 1 1 1 0 1 1 1 1 0 1 1
0 1 1 1 1 0 1 1 1 1 1 1 1 0 1
1 1 1 1 1 0 1 1 1 0 1 1 1 1 0
NV~Z~]~L}rZlzn]~~\w

Best cost: 1.3869966445760367
Adjacency matrix:
0 1 0 1 1 1 1 1 0 0 1 1 1 1 1
1 0 1 1 0 1 1 1 1 1 0 0 1 1 1
0 1 0 1 0 1 1 1 1 1 1 1 1 1 1
1 1 1 0 0 1 1 1 1 1 1 1 1 0 1
1 0 0 0 0 0 1 1 1 1 1 1 1 0 1
1 1 1 1 0 0 1 1 1 1 0 0 1 1 1
1 1 1 1 1 1 0 0 1 1 1 1 0 1 1
1 1 1 1 1 1 0 0 1 1 0 0 1 1 0
0 1 1 1 1 1 1 1 0 1 1 1 1 0 1
0 1 1 1 1 1 1 1 1 0 1 1 1 0 1
1 0 1 1 1 0 1 0 1 1 0 1 1 1 1
1 0 1 1 1 0 1 0 1 1 1 0 1 0 1
1 1 1 1 1 1 0 1 1 1 1 1 0 1 0
1 1 1 0 0 1 1 1 0 0 1 0 1 0 1
1 1 1 1 1 1 1 0 1 1 1 1 0 1 0
Nnbv~x~^|tvV~^xq~vg

Best cost: 1.3349821257600918
Adjacency matrix:
0 1 1 0 0 1 0 1 1 1 0 1 1 1 1
1 0 1 1 1 0 1 1 1 1 1 1 1 1 1
1 1 0 1 1 0 1 1 1 1 1 1 1 1 1
0 1 1 0 1 0 0 1 0 0 1 1 1 0 0
0 1 1 1 0 1 1 1 1 1 1 1 1 1 1
1 0 0 0 1 0 1 0 1 1 1 1 1 1 1
0 1 1 0 1 1 0 1 1 1 1 1 1 1 1
1 1 1 1 1 0 1 0 1 1 1 0 1 1 1
1 1 1 0 1 1 1 1 0 1 1 0 1 1 1
1 1 1 0 1 1 1 1 1 0 0 0 1 1 1
0 1 1 1 1 1 1 1 1 0 0 0 0 0 0
1 1 1 1 1 1 1 0 0 0 0 0 0 1 1
1 1 1 1 1 1 1 1 1 1 0 0 0 1 1
1 1 1 0 1 1 1 1 1 1 0 1 1 0 1
1 1 1 0 1 1 1 1 1 1 0 1 1 1 0
Nz]J^vnzz~^o~{z||}w

Best cost: 1.3259090272431961
Adjacency matrix:
0 1 1 1 1 1 1 1 0 1 1 1 0 1 1
1 0 1 1 1 1 1 1 1 1 0 1 1 1 1
1 1 0 1 1 1 0 1 1 1 1 1 0 1 1
1 1 1 0 1 1 1 1 1 0 1 1 1 0 0
1 1 1 1 0 1 1 1 1 0 1 1 1 0 0
1 1 1 1 1 0 1 1 0 1 1 1 0 1 1
1 1 0 1 1 1 0 1 1 1 1 1 1 1 1
1 1 1 1 1 1 1 0 1 0 1 1 0 0 1
0 1 1 1 1 0 1 1 0 0 1 1 1 0 1
1 1 1 0 0 1 1 0 0 0 1 1 1 1 0
1 0 1 1 1 1 1 1 1 1 0 0 1 1 0
1 1 1 1 1 1 1 1 1 1 0 0 1 1 1
0 1 0 1 1 0 1 0 1 1 1 1 0 0 1
1 1 1 0 0 1 1 0 0 1 1 1 0 0 1
1 1 1 0 0 1 1 1 1 0 0 1 1 1 0
N~~}~|zxd~~}Unxf[{w

Best cost: 1.120499136290217
Adjacency matrix:
0 1 1 0 0 0 1 1 1 1 1 1 1 1 0
1 0 1 1 1 1 1 1 1 0 1 1 1 1 0
1 1 0 0 1 1 0 0 1 0 1 1 1 1 1
0 1 0 0 1 1 1 1 1 1 1 1 1 1 1
0 1 1 1 0 1 1 1 1 1 1 1 0 0 1
0 1 1 1 1 0 1 1 1 1 0 1 1 0 1
1 1 0 1 1 1 0 0 1 1 1 1 1 0 1
1 1 0 1 1 1 0 0 1 1 1 1 1 0 1
1 1 1 1 1 1 1 1 0 0 1 1 1 1 1
1 0 0 1 1 1 1 1 0 0 0 0 0 1 1
1 1 1 1 1 0 1 1 1 0 0 1 1 1 1
1 1 1 1 1 1 1 1 1 0 1 0 1 1 1
1 1 1 1 0 1 1 1 1 0 1 1 0 1 1
1 1 1 1 0 0 0 0 1 1 1 1 1 0 0
0 0 1 1 1 1 1 1 1 1 1 1 1 0 0
Ny\}}z~fvv^||z{Nf~o

Best cost: 1.2522986852891538
Adjacency matrix:
0 0 1 0 0 1 1 0 1 1 1 1 1 0 1
0 0 1 1 1 1 1 1 0 1 0 1 1 1 1
1 1 0 0 1 1 1 1 0 1 0 1 1 0 0
0 1 0 0 1 1 0 1 1 0 1 1 1 1 1
0 1 1 1 0 1 1 1 0 1 0 1 1 1 1
1 1 1 1 1 0 1 1 1 1 1 0 1 1 1
1 1 1 0 1 1 0 1 1 1 1 1 1 1 1
0 1 1 1 1 1 1 0 1 1 1 0 1 1 0
1 0 0 1 0 1 1 1 0 1 1 1 1 1 1
1 1 1 0 1 1 1 1 1 0 1 1 1 0 0
1 0 0 1 0 1 1 1 1 1 0 1 1 1 1
1 1 1 1 1 0 1 0 1 1 1 0 1 1 1
1 1 1 1 1 1 1 1 1 1 1 1 0 0 1
0 1 0 1 1 1 1 1 1 0 1 1 0 0 1
1 1 0 1 1 1 1 0 1 0 1 1 1 1 0
NY^~Z}Vz{n~V~~VzZtw

Best cost: 0.9814967245574107
Adjacency matrix:
0 1 1 1 1 0 1 0 1 1 0 0 1 1 1
1 0 0 0 1 1 1 1 1 1 1 1 1 1 1
1 0 0 1 1 1 1 1 0 1 0 1 0 0 1
1 0 1 0 0 1 1 0 1 1 1 0 1 0 1
1 1 1 0 0 1 1 1 1 1 0 1 1 1 0
0 1 1 1 1 0 1 1 1 0 1 1 1 1 0
1 1 1 1 1 1 0 1 1 1 1 1 0 1 1
0 1 1 0 1 1 1 0 1 1 1 1 1 1 1
1 1 0 1 1 1 1 1 0 0 1 1 1 1 0
1 1 1 1 1 0 1 1 0 0 1 1 1 1 1
0 1 0 1 0 1 1 1 1 1 0 1 1 1 1
0 1 1 0 1 1 1 1 1 1 1 0 1 1 1
1 1 0 1 1 1 0 1 1 1 1 1 0 1 0
1 1 0 0 1 1 1 1 1 1 1 1 1 0 1
1 1 1 1 0 0 1 1 0 1 1 1 0 1 0
Ntx~z^^}qnl~v^r~}Zg

Best cost: 1.2332636483363824
Adjacency matrix:
0 1 1 1 1 1 1 1 0 1 0 1 1 1 0
1 0 0 1 1 0 1 0 1 1 1 1 1 1 1
1 0 0 1 1 1 1 1 1 0 0 1 1 0 1
1 1 1 0 1 1 1 1 1 1 0 0 1 1 1
1 1 1 1 0 0 1 0 1 1 1 1 1 1 1
1 0 1 1 0 0 1 1 1 0 1 1 0 1 1
1 1 1 1 1 1 0 1 1 1 1 1 1 0 1
1 0 1 1 0 1 1 0 1 0 1 1 0 1 1
0 1 1 1 1 1 1 1 0 1 0 1 1 1 0
1 1 0 1 1 0 1 0 1 0 1 1 1 0 1
0 1 0 0 1 1 1 1 0 1 0 1 1 1 1
1 1 1 0 1 1 1 1 1 1 1 0 1 0 1
1 1 1 1 1 0 1 0 1 1 1 1 0 1 1
1 1 0 1 1 1 0 1 1 0 1 0 1 0 1
0 1 1 1 1 1 1 1 0 1 1 1 1 1 0
Nv}v|l~ui]|~}nvYnzw

Best cost: 1.3180296633263253
Adjacency matrix:
0 0 0 1 0 1 1 1 1 1 0 1 1 1 1
0 0 1 1 1 1 1 0 0 1 1 1 1 0 0
0 1 0 1 1 1 0 1 1 1 1 1 1 1 1
1 1 1 0 1 1 1 1 1 1 1 1 1 1 1
0 1 1 1 0 1 0 1 1 0 1 1 1 1 1
1 1 1 1 1 0 1 1 1 1 0 1 1 0 1
1 1 0 1 0 1 0 1 1 0 0 1 1 1 1
1 0 1 1 1 1 1 0 1 0 0 1 1 0 1
1 0 1 1 1 1 1 1 0 0 1 1 1 1 1
1 1 1 1 0 1 0 0 0 0 1 1 1 1 0
0 1 1 1 1 0 0 0 1 1 0 1 0 1 1
1 1 1 1 1 1 1 1 1 1 1 0 1 1 1
1 1 1 1 1 1 1 1 1 1 0 1 0 0 1
1 0 1 1 1 0 1 0 1 1 1 1 0 0 1
1 0 1 1 1 1 1 1 1 0 1 1 1 1 0
NN^}l}~|Bp~~~|mnV|w

Best cost: 1.1489546365678318
Adjacency matrix:
0 1 1 1 1 1 1 0 1 1 0 1 1 1 1
1 0 1 1 1 1 1 1 1 0 1 1 0 1 1
1 1 0 1 1 1 1 1 1 1 1 0 1 0 1
1 1 1 0 1 0 1 0 0 1 0 1 1 1 0
1 1 1 1 0 1 1 0 0 1 1 1 1 1 1
1 1 1 0 1 0 0 1 1 1 1 1 1 1 1
1 1 1 1 1 0 0 0 1 1 1 1 1 1 1
0 1 1 0 0 1 0 0 1 0 1 0 1 1 0
1 1 1 0 0 1 1 1 0 1 1 1 1 1 1
1 0 1 1 1 1 1 0 1 0 1 1 0 1 1
0 1 1 0 1 1 1 1 1 1 0 1 1 1 1
1 1 0 1 1 1 1 0 1 1 1 0 1 0 1
1 0 1 1 1 1 1 1 1 0 1 1 0 1 0
1 1 0 1 1 1 1 1 1 1 1 0 1 0 0
1 1 1 0 1 1 1 0 1 1 1 1 0 0 0
N~~nrJfnj^zvnzv}|v_

Best cost: 1.4515311184982402
Adjacency matrix:
0 1 1 1 1 1 0 1 0 1 0 1 0 1 0
1 0 0 0 1 1 0 0 0 1 0 1 0 1 1
1 0 0 0 1 1 1 1 0 0 1 1 1 1 1
1 0 0 0 1 1 1 1 1 1 1 1 1 0 1
1 1 1 1 0 1 1 1 0 1 1 1 1 1 1
1 1 1 1 1 0 1 1 1 1 1 1 1 1 1
0 0 1 1 1 1 0 1 1 1 1 1 1 1 1
1 0 1 1 1 1 1 0 1 0 1 1 1 1 1
0 0 0 1 0 1 1 1 0 1 0 1 1 1 1
1 1 0 1 1 1 1 0 1 0 1 1 1 1 0
0 0 1 1 1 1 1 1 0 1 0 1 1 1 0
1 1 1 1 1 1 1 1 1 1 1 0 1 1 1
0 0 1 1 1 1 1 1 1 1 1 1 0 1 1
1 1 1 0 1 1 1 1 1 1 1 1 1 0 0
0 1 1 1 1 1 1 1 1 0 0 1 1 0 0
Ns~x|{Vvh}~~N~z~n{o

Best cost: 1.0211764775552241
Adjacency matrix:
0 0 0 0 1 1 1 0 1 1 1 1 1 1 1
0 0 0 0 1 1 1 0 1 1 1 1 1 1 1
0 0 0 1 1 1 1 0 0 1 1 0 1 1 1
0 0 1 0 1 1 1 0 1 0 1 1 1 1 0
1 1 1 1 0 1 1 1 1 1 1 1 0 1 1
1 1 1 1 1 0 1 1 0 1 1 0 1 1 1
1 1 1 1 1 1 0 1 0 1 1 0 1 1 1
0 0 0 0 1 1 1 0 1 1 1 1 1 1 1
1 1 0 1 1 0 0 1 0 1 1 1 1 0 1
1 1 1 0 1 1 1 1 1 0 0 1 1 1 1
1 1 1 1 1 1 1 1 1 0 0 1 1 1 0
1 1 0 1 1 0 0 1 1 1 1 0 1 0 1
1 1 1 1 0 1 1 1 1 1 1 1 0 1 1
1 1 1 1 1 1 1 1 0 1 1 0 1 0 1
1 1 1 0 1 1 1 1 1 1 0 1 1 1 0
N@~~w^Xz~~ZN|~~u|}w

Best cost: 1.1408067088132188
Adjacency matrix:
0 1 0 1 0 1 1 0 1 0 1 1 1 0 0
1 0 1 1 1 1 1 1 1 1 1 1 1 1 0
0 1 0 1 0 1 0 1 1 1 1 0 1 0 1
1 1 1 0 1 1 1 0 1 1 1 1 1 1 1
0 1 0 1 0 1 1 1 1 1 1 1 0 0 0
1 1 1 1 1 0 1 1 1 1 1 1 1 1 0
1 1 0 1 1 1 0 0 1 0 1 1 1 1 1
0 1 1 0 1 1 0 0 1 1 1 1 1 1 1
1 1 1 1 1 1 1 1 0 1 1 1 1 1 0
0 1 1 1 1 1 0 1 1 0 1 0 1 1 1
1 1 1 1 1 1 1 1 1 1 0 1 1 0 1
1 1 0 1 1 1 1 1 1 0 1 0 1 1 1
1 1 1 1 0 1 1 1 1 1 1 1 0 0 1
0 1 0 1 0 1 1 1 1 1 0 1 0 0 1
0 0 1 1 0 0 1 1 0 1 1 1 1 1 0
NnV}zZ~^^~z||~T|EZw

Best cost: 1.1862804417020052
Adjacency matrix:
0 1 1 1 1 1 1 1 1 1 0 1 1 1 0
1 0 1 1 1 1 1 1 1 1 1 1 1 1 1
1 1 0 0 1 1 0 0 0 1 0 1 1 0 1
1 1 0 0 1 1 0 0 1 1 1 1 1 0 0
1 1 1 1 0 1 1 1 1 1 1 1 1 1 1
1 1 1 1 1 0 0 1 1 1 1 1 1 1 0
1 1 0 0 1 0 0 1 0 1 0 1 1 1 0
1 1 0 0 1 1 1 0 0 1 1 1 0 1 1
1 1 0 1 1 1 0 0 0 1 1 1 1 0 0
1 1 1 1 1 1 1 1 1 0 1 1 1 1 1
0 1 0 1 1 1 0 1 1 1 0 1 1 1 1
1 1 1 1 1 1 1 1 1 1 1 0 1 1 1
1 1 1 1 1 1 1 0 1 1 1 1 0 0 1
1 1 0 0 1 1 1 1 0 1 1 1 0 0 1
0 1 1 0 1 0 0 1 0 1 1 1 1 1 0
N}~}U^[~yz~~~nrvLJw

Best cost: 1.0620313388718514
Adjacency matrix:
0 1 1 0 0 1 1 1 0 1 0 1 0 1 1
1 0 1 1 1 1 1 1 1 1 1 1 1 1 1
1 1 0 1 1 0 0 1 0 1 0 1 1 0 0
0 1 1 0 0 0 1 1 1 1 1 1 1 1 1
0 1 1 0 0 1 0 1 0 1 1 1 1 1 0
1 1 0 0 1 0 0 1 0 1 1 1 1 1 0
1 1 0 1 0 0 0 1 1 1 1 1 1 1 1
1 1 1 1 1 1 1 0 1 1 1 1 1 0 1
0 1 0 1 0 0 1 1 0 1 1 1 1 0 1
1 1 1 1 1 1 1 1 1 0 1 1 1 1 1
0 1 0 1 1 1 1 1 1 1 0 1 1 1 1
1 1 1 1 1 1 1 1 1 1 1 0 1 0 1
0 1 1 1 1 1 1 1 1 1 1 1 0 1 1
1 1 0 1 1 1 1 0 0 1 1 0 1 0 1
1 1 0 1 0 0 1 1 1 1 1 1 1 1 0
NzZMf|R~y~~~^~vey^w
